time pitch RMS intensity loudness no speaking laughingAndSpeaking smallLaugh bigLaugh
0.04 0 0 18.482 1.602 0 0 0 0 1
0.08 0 0.001120 47.719 3.075 0 0 0 0 1
0.12 204.575 0.073744 77.421 20.201 0 0 0 0 1
0.16 210.122 0.118007 72.024 45.244 0 0 0 0 1
0.20 198.444 0.043936 48.563 18.277 0 0 0 0 1
0.24 191.842 0.003993 45.367 8.819 0 0 0 0 1
0.28 183.712 0.003482 47.183 6.752 0 0 0 0 1
0.32 175.906 0.022508 67.254 10.690 0 0 0 0 1
0.36 185.754 0.090005 75.489 34.353 0 0 0 0 1
0.40 192.215 0.112557 68.268 49.011 0 0 0 0 1
0.44 190.830 0.015516 38.868 11.401 0 0 0 0 1
0.48 190.047 0.001135 32.513 5.014 0 0 0 0 1
0.52 189.264 0.000695 32.724 3.197 0 0 0 0 1
0.56 188.300 0.007914 59.246 4.770 0 0 0 0 1
0.60 185.932 0.044211 70.185 17.985 0 0 0 0 1
0.64 180.746 0.068278 63.635 29.909 0 0 0 0 1
0.68 175.705 0.004515 33.684 7.557 0 0 0 0 1
0.72 172.856 0.000709 27.875 3.499 0 0 0 0 1
0.76 169.347 0.000489 32.381 2.209 0 0 0 0 1
0.80 166.218 0.009563 61.070 5.303 0 0 0 0 1
0.84 169.483 0.025527 59.480 14.591 0 0 0 0 1
0.88 166.056 0.018287 34.967 7.198 0 0 0 0 1
0.92 164.118 0.000621 25.894 2.982 0 0 0 0 1
0.96 162.180 0.000320 28.288 2.046 0 0 0 0 1
1.00 159.794 0.002915 51.165 2.912 0 0 0 0 1
1.04 158.171 0.018443 58.242 9.627 0 0 0 0 1
1.08 163.354 0.013398 35.172 6.256 0 0 0 0 1
1.12 166.285 0.000509 23.453 2.689 0 0 0 0 1
1.16 169.216 0.000367 25.327 2.102 0 0 0 0 1
1.20 172.824 0.000331 36.543 2.066 0 0 0 0 1
1.24 175.888 0.012243 60.743 7.317 0 0 0 0 1
1.28 170.953 0.021732 57.051 14.629 0 0 0 0 1
1.32 170.414 0.010372 33.229 5.621 0 0 0 0 1
1.36 170.109 0.000599 28.677 2.425 0 0 0 0 1
1.40 169.805 0.000573 31.258 1.880 0 0 0 0 1
1.44 169.429 0.002785 50.648 3.092 0 0 0 0 1
1.48 177.649 0.013395 55.299 8.686 0 0 0 0 1
1.52 210.870 0.010421 32.903 5.054 0 0 0 0 1
1.56 229.653 0.000546 27.312 2.226 0 0 0 0 1
1.60 248.435 0.000981 42.213 2.782 0 0 0 0 1
1.64 267.218 0.006948 51.249 6.420 0 0 0 0 1
1.68 286.001 0.005906 49.141 8.184 0 0 0 0 1
1.72 304.783 0.006597 50.716 9.144 0 0 0 0 1
1.76 327.910 0.007506 54.128 9.675 0 0 0 0 1
1.80 350.407 0.030082 64.689 11.981 0 0 0 0 1
1.84 326.015 0.036965 49.695 7.296 0 0 0 0 1
1.88 312.224 0.005431 49.771 5.903 0 0 0 0 1
1.92 298.433 0.002009 40.818 3.142 0 0 0 0 1
1.96 284.642 0.003540 47.014 3.480 0 0 0 0 1
2.00 267.661 0.003141 47.502 3.348 0 0 0 0 1
2.04 256.217 0.024095 66.454 11.754 0 0 0 0 1
2.08 299.916 0.046942 69.155 20.932 0 0 0 0 1
2.12 330.668 0.061670 66.403 28.670 0 0 0 0 1
2.16 305.079 0.030656 48.801 13.934 0 0 0 0 1
2.20 290.612 0.002556 35.717 5.713 0 0 0 0 1
2.24 276.144 0.000970 31.233 3.950 0 0 0 0 1
2.28 258.330 0.000607 34.035 2.969 0 0 0 0 1
2.32 239.791 0.020846 66.041 10.659 0 0 0 0 1
2.36 249.458 0.038014 65.345 22.669 0 0 0 0 1
2.40 239.367 0.037585 55.078 18.826 0 0 0 0 1
2.44 233.661 0.003388 35.102 6.196 0 0 0 0 1
2.48 227.955 0.001028 28.871 3.808 0 0 0 0 1
2.52 220.930 0.000581 33.083 2.734 0 0 0 0 1
2.56 221.304 0.013775 61.998 8.501 0 0 0 0 1
2.60 262.645 0.026118 63.598 16.777 0 0 0 0 1
2.64 292.498 0.045258 59.177 22.679 0 0 0 0 1
2.68 267.589 0.002538 34.008 6.427 0 0 0 0 1
2.72 253.506 0.000744 27.246 3.355 0 0 0 0 1
2.76 236.166 0.000759 34.450 2.652 0 0 0 0 1
2.80 216.120 0.011097 61.986 5.443 0 0 0 0 1
2.84 221.602 0.040574 67.847 17.280 0 0 0 0 1
2.88 222.159 0.048262 56.345 21.245 0 0 0 0 1
2.92 222.474 0.001619 33.421 5.740 0 0 0 0 1
2.96 222.789 0.001247 35.426 3.792 0 0 0 0 1
3.00 223.104 0.001098 33.882 2.919 0 0 0 0 1
3.04 223.492 0.001670 48.676 2.897 0 0 0 0 1
3.08 221.772 0.021922 59.973 10.546 1 0 0 0 0
3.12 213.346 0.016762 35.854 6.506 1 0 0 0 0
3.16 208.582 0.000966 29.040 2.989 1 0 0 0 0
3.20 203.818 0.000451 30.656 2.262 1 0 0 0 0
3.24 199.054 0.004576 49.957 4.885 1 0 0 0 0
3.28 194.290 0.004961 47.029 6.913 1 0 0 0 0
3.32 189.526 0.004660 47.703 7.820 1 0 0 0 0
3.36 184.762 0.005792 50.767 8.609 0 1 0 0 0
3.40 179.998 0.006892 49.944 9.027 0 1 0 0 0
3.44 175.234 0.005791 48.631 8.766 0 1 0 0 0
3.48 170.469 0.005470 49.929 8.255 0 1 0 0 0
3.52 165.705 0.008265 54.011 9.668 0 1 0 0 0
3.56 160.941 0.009561 48.831 8.032 0 1 0 0 0
3.60 155.075 0.001733 33.762 3.180 0 1 0 0 0
3.64 150.145 0.009148 61.919 4.685 0 1 0 0 0
3.68 161.580 0.050293 71.241 17.080 0 1 0 0 0
3.72 176.123 0.088995 69.374 29.523 0 1 0 0 0
3.76 187.498 0.031881 53.493 15.993 0 1 0 0 0
3.80 195.416 0.008170 52.721 10.522 0 1 0 0 0
3.84 206.942 0.019166 64.365 13.644 0 1 0 0 0
3.88 211.835 0.053876 72.639 20.897 0 1 0 0 0
3.92 208.128 0.106386 72.945 32.190 0 1 0 0 0
3.96 197.559 0.074191 67.157 31.334 0 1 0 0 0
4.00 180.352 0.033272 62.991 24.051 0 1 0 0 0
4.04 173.231 0.047214 67.171 24.157 0 1 0 0 0
4.08 180.735 0.031694 56.915 17.805 0 1 0 0 0
4.12 192.490 0.003595 38.818 4.454 0 1 0 0 0
4.16 200.673 0.001261 45.847 4.126 0 1 0 0 0
4.20 208.792 0.041344 69.842 14.658 0 1 0 0 0
4.24 196.591 0.068898 70.769 26.657 0 1 0 0 0
4.28 173.864 0.074179 70.867 31.117 0 1 0 0 0
4.32 152.490 0.058148 69.016 30.314 0 1 0 0 0
4.36 139.323 0.056173 68.966 31.227 0 1 0 0 0
4.40 136.079 0.052612 67.242 29.624 0 1 0 0 0
4.44 137.128 0.040283 64.682 24.744 0 1 0 0 0
4.48 130.508 0.023150 57.105 16.625 0 1 0 0 0
4.52 137.025 0.008163 40.888 7.166 0 1 0 0 0
4.56 140.709 0.000744 23.212 2.349 0 1 0 0 0
4.60 144.394 0.000398 24.948 1.759 0 1 0 0 0
4.64 148.078 0.000330 20.551 1.746 1 0 0 0 0
4.68 151.762 0.000319 21.980 1.704 1 0 0 0 0
4.72 155.447 0.000234 21.280 1.726 1 0 0 0 0
4.76 159.131 0.000280 25.635 1.834 1 0 0 0 0
4.80 162.816 0.001160 36.952 1.795 1 0 0 0 0
4.84 166.500 0.001929 24.704 1.727 1 0 0 0 0
4.88 170.185 0.000203 17.673 1.682 1 0 0 0 0
4.92 173.869 0.000157 16.346 1.630 1 0 0 0 0
4.96 177.554 0.000141 16.076 1.608 1 0 0 0 0
5.00 181.238 0.000138 17.512 1.602 1 0 0 0 0
5.04 184.922 0.000216 21.527 1.601 1 0 0 0 0
5.08 188.607 0.000111 14.800 1.600 1 0 0 0 0
5.12 192.291 0.000123 16.623 1.600 1 0 0 0 0
5.16 195.976 0.000128 16.720 1.600 1 0 0 0 0
5.20 199.660 0.000131 14.503 1.600 1 0 0 0 0
5.24 203.345 0.000117 15.951 1.601 1 0 0 0 0
5.28 207.029 0.000117 15.992 1.601 1 0 0 0 0
5.32 210.714 0.000123 15.068 1.600 1 0 0 0 0
5.36 214.398 0.000112 15.713 1.600 1 0 0 0 0
5.40 218.082 0.000138 16.935 1.600 1 0 0 0 0
5.44 221.767 0.000128 16.080 1.600 1 0 0 0 0
5.48 225.451 0.000119 14.031 1.601 1 0 0 0 0
5.52 229.136 0.000107 13.746 1.600 1 0 0 0 0
5.56 232.820 0.000128 16.009 1.600 1 0 0 0 0
5.60 236.505 0.000114 18.452 1.600 1 0 0 0 0
5.64 240.189 0.000331 27.459 1.834 1 0 0 0 0
5.68 243.874 0.000419 25.391 1.854 1 0 0 0 0
5.72 247.558 0.000238 21.354 1.683 1 0 0 0 0
5.76 251.243 0.000269 23.307 1.628 1 0 0 0 0
5.80 254.927 0.000197 20.115 1.692 1 0 0 0 0
5.84 258.611 0.000154 16.288 1.644 1 0 0 0 0
5.88 262.296 0.000116 14.222 1.611 1 0 0 0 0
5.92 265.980 0.000104 14.319 1.603 1 0 0 0 0
5.96 269.665 0.000097 12.852 1.601 1 0 0 0 0
6.00 273.349 0.000095 13.517 1.600 1 0 0 0 0
6.04 277.034 0.000100 13.920 1.601 1 0 0 0 0
6.08 280.718 0.000117 14.381 1.600 1 0 0 0 0
6.12 284.403 0.000105 21.200 1.600 1 0 0 0 0
6.16 288.939 0.003273 51.848 1.622 1 0 0 0 0
6.20 305.063 0.011783 60.955 3.952 0 0 0 0 1
6.24 339.137 0.034664 65.104 12.233 0 0 0 0 1
6.28 328.418 0.025249 56.480 12.616 0 0 0 0 1
6.32 296.192 0.007256 48.250 9.134 0 0 0 0 1
6.36 277.972 0.009456 53.592 11.301 0 0 0 0 1
6.40 255.538 0.008516 55.819 11.942 0 0 0 0 1
6.44 228.589 0.076802 76.799 24.452 0 0 0 0 1
6.48 232.652 0.154495 69.245 41.433 0 0 0 0 1
6.52 234.949 0.019419 50.549 16.210 0 0 0 0 1
6.56 237.246 0.009528 54.517 13.917 0 0 0 0 1
6.60 239.544 0.010310 57.357 13.425 0 0 0 0 1
6.64 242.372 0.041759 72.812 19.416 0 0 0 0 1
6.68 244.415 0.146207 71.699 47.162 0 0 0 0 1
6.72 238.718 0.022247 46.968 16.473 0 0 0 0 1
6.76 235.497 0.007848 49.496 11.752 0 0 0 0 1
6.80 232.276 0.004782 47.993 9.154 0 0 0 0 1
6.84 229.056 0.008171 55.073 10.042 0 0 0 0 1
6.88 225.835 0.006122 48.250 8.870 0 0 0 0 1
6.92 222.614 0.005327 48.839 9.532 0 0 0 0 1
6.96 218.648 0.006765 54.922 9.697 0 0 0 0 1
7.00 211.297 0.045803 71.269 19.365 0 0 0 0 1
7.04 202.956 0.085815 62.246 30.910 0 0 0 0 1
7.08 201.560 0.005051 41.883 10.514 0 0 0 0 1
7.12 200.770 0.003349 44.924 7.584 0 0 0 0 1
7.16 199.798 0.003562 47.873 6.742 0 0 0 0 1
7.20 197.748 0.026575 69.050 14.160 0 0 0 0 1
7.24 194.985 0.083222 66.292 32.506 0 0 0 0 1
7.28 195.047 0.008010 39.125 10.351 0 0 0 0 1
7.32 195.082 0.001457 35.252 5.649 0 0 0 0 1
7.36 195.118 0.001329 40.557 4.377 0 0 0 0 1
7.40 195.161 0.009511 61.013 6.869 0 0 0 0 1
7.44 197.435 0.053249 66.341 23.750 0 0 0 0 1
7.48 205.924 0.025622 42.509 11.679 0 0 0 0 1
7.52 210.723 0.001738 38.390 5.978 0 0 0 0 1
7.56 215.522 0.001482 35.377 4.761 0 0 0 0 1
7.60 221.432 0.001133 39.399 3.658 0 0 0 0 1
7.64 234.702 0.028520 69.432 10.142 0 0 0 0 1
7.68 254.949 0.068007 64.014 24.942 0 0 0 0 1
7.72 257.494 0.002390 40.020 7.340 0 0 0 0 1
7.76 258.932 0.003576 36.745 5.087 0 0 0 0 1
7.80 260.371 0.001156 38.599 4.134 0 0 0 0 1
7.84 262.142 0.015894 66.186 6.412 0 0 0 0 1
7.88 258.511 0.089403 72.981 24.728 0 0 0 0 1
7.92 236.172 0.092873 51.908 17.703 1 0 0 0 0
7.96 223.541 0.001166 31.055 5.373 1 0 0 0 0
8.00 210.911 0.000653 26.093 3.105 1 0 0 0 0
8.04 195.360 0.000471 30.786 2.051 1 0 0 0 0
8.08 178.398 0.009557 59.470 5.403 1 0 0 0 0
8.12 187.421 0.021429 60.743 12.201 1 0 0 0 0
8.16 189.978 0.027071 63.484 18.651 1 0 0 0 0
8.20 188.626 0.030460 63.290 21.184 1 0 0 0 0
8.24 185.628 0.028964 63.903 21.606 1 0 0 0 0
8.28 178.438 0.032223 61.885 19.882 0 1 0 0 0
8.32 173.478 0.018075 40.473 6.413 0 1 0 0 0
8.36 170.025 0.000444 37.556 2.685 0 1 0 0 0
8.40 164.192 0.081108 78.964 13.164 0 1 0 0 0
8.44 162.926 0.131307 72.700 33.829 0 1 0 0 0
8.48 183.723 0.050918 65.693 27.174 0 1 0 0 0
8.52 215.654 0.090163 74.788 32.122 0 1 0 0 0
8.56 226.525 0.096282 73.024 32.783 0 1 0 0 0
8.60 201.044 0.073092 71.012 31.063 0 1 0 0 0
8.64 161.444 0.070562 69.044 28.695 1 0 0 0 0
8.68 136.802 0.051322 65.659 25.120 1 0 0 0 0
8.72 127.428 0.024664 51.367 13.972 1 0 0 0 0
8.76 127.711 0.001555 24.503 3.248 1 0 0 0 0
8.80 127.871 0.000257 20.704 1.899 1 0 0 0 0
8.84 128.031 0.000539 32.123 1.672 1 0 0 0 0
8.88 128.191 0.000820 30.123 1.638 1 0 0 0 0
8.92 128.351 0.000483 29.996 1.613 1 0 0 0 0
8.96 128.511 0.001174 33.674 1.656 1 0 0 0 0
9.00 128.671 0.000294 22.767 1.623 1 0 0 0 0
9.04 128.832 0.000433 28.606 1.623 1 0 0 0 0
9.08 128.992 0.000715 31.416 1.659 1 0 0 0 0
9.12 129.152 0.000674 30.368 1.639 1 0 0 0 0
9.16 129.312 0.000775 30.948 1.625 1 0 0 0 0
9.20 129.472 0.000561 30.311 1.611 1 0 0 0 0
9.24 129.632 0.000566 27.405 1.609 1 0 0 0 0
9.28 129.792 0.000408 26.801 1.603 1 0 0 0 0
9.32 129.952 0.000491 27.961 1.601 1 0 0 0 0
9.36 130.112 0.000680 34.094 1.631 1 0 0 0 0
9.40 130.273 0.001668 32.960 1.649 1 0 0 0 0
9.44 130.433 0.000583 25.393 1.614 1 0 0 0 0
9.48 130.593 0.000305 21.240 1.610 1 0 0 0 0
9.52 130.753 0.000199 22.224 1.602 1 0 0 0 0
9.56 130.913 0.000589 30.892 1.609 1 0 0 0 0
9.60 131.073 0.000473 23.485 1.603 1 0 0 0 0
9.64 131.233 0.000191 19.437 1.601 1 0 0 0 0
9.68 131.393 0.000299 25.141 1.604 1 0 0 0 0
9.72 131.553 0.000303 20.892 1.601 1 0 0 0 0
9.76 131.713 0.000207 18.717 1.603 1 0 0 0 0
9.80 131.874 0.000159 15.985 1.601 1 0 0 0 0
9.84 132.034 0.000128 16.419 1.601 1 0 0 0 0
9.88 132.194 0.000219 20.353 1.601 1 0 0 0 0
9.92 132.354 0.000153 17.889 1.601 1 0 0 0 0
9.96 132.514 0.000217 23.330 1.631 1 0 0 0 0
10.00 132.674 0.000698 24.040 1.738 1 0 0 0 0
10.04 132.834 0.000207 19.325 1.665 1 0 0 0 0
10.08 132.994 0.000233 22.610 1.684 1 0 0 0 0
10.12 133.154 0.000313 22.713 1.658 1 0 0 0 0
10.16 133.315 0.000200 19.806 1.658 1 0 0 0 0
10.20 133.475 0.000182 18.546 1.623 1 0 0 0 0
10.24 133.635 0.000179 18.222 1.606 1 0 0 0 0
10.28 133.795 0.000167 19.429 1.602 1 0 0 0 0
10.32 133.955 0.000172 19.819 1.601 1 0 0 0 0
10.36 134.115 0.000184 18.906 1.600 1 0 0 0 0
10.40 134.275 0.000173 17.710 1.600 1 0 0 0 0
10.44 134.435 0.000152 16.382 1.600 1 0 0 0 0
10.48 134.595 0.000133 16.902 1.600 1 0 0 0 0
10.52 134.755 0.000116 16.212 1.600 1 0 0 0 0
10.56 134.916 0.000121 17.464 1.601 1 0 0 0 0
10.60 135.076 0.000264 21.237 1.601 1 0 0 0 0
10.64 135.236 0.000140 15.038 1.600 1 0 0 0 0
10.68 135.396 0.000124 15.257 1.600 1 0 0 0 0
10.72 135.556 0.000106 15.206 1.601 1 0 0 0 0
10.76 135.716 0.000139 18.287 1.601 1 0 0 0 0
10.80 135.876 0.000227 19.122 1.600 1 0 0 0 0
10.84 136.036 0.000111 14.815 1.601 1 0 0 0 0
10.88 136.196 0.000124 16.345 1.600 1 0 0 0 0
10.92 136.357 0.000125 18.215 1.602 1 0 0 0 0
10.96 136.517 0.000185 20.743 1.600 1 0 0 0 0
11.00 136.677 0.000155 17.460 1.600 1 0 0 0 0
11.04 136.837 0.000132 16.019 1.600 1 0 0 0 0
11.08 136.997 0.000152 16.905 1.600 1 0 0 0 0
11.12 137.157 0.000141 16.547 1.600 1 0 0 0 0
11.16 137.317 0.000182 18.517 1.601 1 0 0 0 0
11.20 137.477 0.000137 15.946 1.600 1 0 0 0 0
11.24 137.637 0.000139 15.036 1.600 1 0 0 0 0
11.28 137.797 0.000150 18.528 1.601 1 0 0 0 0
11.32 137.958 0.000197 15.294 1.600 1 0 0 0 0
11.36 138.118 0.000107 15.249 1.600 1 0 0 0 0
11.40 138.278 0.000135 16.752 1.600 1 0 0 0 0
11.44 138.438 0.000129 17.201 1.600 1 0 0 0 0
11.48 138.598 0.000113 15.011 1.600 1 0 0 0 0
11.52 138.758 0.000119 16.602 1.600 1 0 0 0 0
11.56 138.918 0.000162 19.674 1.600 1 0 0 0 0
11.60 139.078 0.000215 20.726 1.600 1 0 0 0 0
11.64 139.238 0.000257 24.519 1.600 1 0 0 0 0
11.68 139.399 0.000257 25.231 1.694 1 0 0 0 0
11.72 139.559 0.000630 31.856 1.984 1 0 0 0 0
11.76 139.719 0.000601 28.827 2.252 1 0 0 0 0
11.80 139.879 0.000407 25.482 2.417 1 0 0 0 0
11.84 140.039 0.000587 28.028 2.509 1 0 0 0 0
11.88 140.199 0.000371 24.914 2.481 1 0 0 0 0
11.92 140.359 0.000411 26.460 2.470 1 0 0 0 0
11.96 140.519 0.000378 25.169 2.441 1 0 0 0 0
12.00 140.679 0.000454 26.377 2.287 1 0 0 0 0
12.04 140.839 0.000325 24.630 2.177 1 0 0 0 0
12.08 141.000 0.000339 23.242 2.046 0 1 0 0 0
12.12 141.160 0.000238 18.389 1.737 0 1 0 0 0
12.16 141.320 0.000210 31.359 1.634 0 1 0 0 0
12.20 141.480 0.004831 39.032 1.803 0 1 0 0 0
12.24 141.640 0.001006 34.656 2.084 0 1 0 0 0
12.28 141.837 0.010849 60.680 5.685 0 1 0 0 0
12.32 143.683 0.025997 58.969 12.377 0 1 0 0 0
12.36 149.802 0.008144 42.500 5.481 0 1 0 0 0
12.40 154.061 0.003892 50.964 6.624 0 1 0 0 0
12.44 158.060 0.018929 60.773 10.930 0 1 0 0 0
12.48 155.082 0.011088 52.546 9.711 0 1 0 0 0
12.52 162.038 0.013381 60.468 11.516 0 1 0 0 0
12.56 172.633 0.032137 62.278 17.632 0 1 0 0 0
12.60 184.123 0.012318 47.404 9.942 0 1 0 0 0
12.64 192.123 0.003717 48.561 7.864 0 1 0 0 0
12.68 197.145 0.020509 64.939 10.863 0 1 0 0 0
12.72 177.955 0.034171 64.498 18.528 0 1 0 0 0
12.76 166.337 0.030495 55.400 15.195 0 1 0 0 0
12.80 157.711 0.008592 55.410 10.291 0 1 0 0 0
12.84 158.465 0.020716 60.847 14.225 0 1 0 0 0
12.88 157.878 0.020672 60.232 14.465 0 1 0 0 0
12.92 158.961 0.037524 66.877 18.762 0 1 0 0 0
12.96 160.185 0.037109 61.480 18.814 0 1 0 0 0
13.00 163.522 0.011174 54.170 13.429 0 1 0 0 0
13.04 166.327 0.014751 59.043 13.919 0 1 0 0 0
13.08 162.681 0.020967 59.824 16.003 0 1 0 0 0
13.12 157.862 0.017981 61.379 15.497 0 1 0 0 0
13.16 155.556 0.022800 54.782 14.579 0 1 0 0 0
13.20 161.427 0.002370 34.124 3.505 0 1 0 0 0
13.24 165.515 0.002246 51.188 5.152 0 1 0 0 0
13.28 181.404 0.026879 62.304 11.320 0 1 0 0 0
13.32 217.311 0.012267 55.377 7.863 0 1 0 0 0
13.36 217.544 0.008309 46.400 6.089 0 1 0 0 0
13.40 217.675 0.003893 45.360 5.959 0 1 0 0 0
13.44 217.837 0.003742 46.202 6.241 0 1 0 0 0
13.48 216.522 0.010493 58.383 7.077 0 1 0 0 0
13.52 210.268 0.016921 56.479 8.289 0 1 0 0 0
13.56 205.645 0.008629 48.116 5.600 0 1 0 0 0
13.60 203.031 0.002954 36.340 2.952 0 1 0 0 0
13.64 200.417 0.000731 21.406 1.895 0 1 0 0 0
13.68 197.803 0.000157 16.894 1.670 0 1 0 0 0
13.72 195.190 0.000147 19.128 1.618 0 1 0 0 0
13.76 192.576 0.000414 23.715 1.606 0 1 0 0 0
13.80 189.962 0.000200 20.626 1.605 0 1 0 0 0
13.84 187.348 0.000174 19.245 1.603 0 1 0 0 0
13.88 184.734 0.000179 23.291 1.602 0 1 0 0 0
13.92 182.121 0.002094 35.749 1.884 0 1 0 0 0
13.96 179.507 0.000231 16.464 1.663 0 1 0 0 0
14.00 176.893 0.000167 19.629 1.616 0 1 0 0 0
14.04 173.675 0.000512 32.732 2.075 0 1 0 0 0
14.08 165.411 0.009206 61.705 5.976 0 1 0 0 0
14.12 153.839 0.052059 67.540 20.757 0 1 0 0 0
14.16 163.544 0.027020 49.489 12.359 0 1 0 0 0
14.20 169.032 0.007998 52.280 8.468 0 1 0 0 0
14.24 175.788 0.008311 54.617 8.085 0 1 0 0 0
14.28 186.274 0.023943 63.943 14.413 0 1 0 0 0
14.32 190.882 0.027997 59.118 14.664 0 1 0 0 0
14.36 182.456 0.007246 45.678 6.473 0 1 0 0 0
14.40 176.590 0.004650 52.470 5.813 0 1 0 0 0
14.44 167.220 0.020767 59.626 11.731 0 1 0 0 0
14.48 158.375 0.016542 56.059 11.183 0 1 0 0 0
14.52 150.686 0.025804 63.935 13.939 0 1 0 0 0
14.56 147.071 0.026387 62.343 14.756 0 1 0 0 0
14.60 144.627 0.024845 58.754 14.076 0 1 0 0 0
14.64 143.510 0.012125 52.389 10.726 0 1 0 0 0
14.68 142.720 0.009114 55.857 11.477 0 1 0 0 0
14.72 142.004 0.019102 58.956 14.773 0 1 0 0 0
14.76 137.926 0.012296 54.013 11.434 0 1 0 0 0
14.80 134.433 0.015091 58.564 11.611 0 1 0 0 0
14.84 133.064 0.013548 46.445 8.013 0 1 0 0 0
14.88 132.290 0.001253 29.455 2.412 0 1 0 0 0
14.92 131.337 0.004582 52.968 4.756 0 1 0 0 0
14.96 130.259 0.011164 52.762 7.696 0 1 0 0 0
15.00 130.688 0.005877 46.219 5.467 0 1 0 0 0
15.04 130.931 0.002325 39.370 4.090 0 1 0 0 0
15.08 131.174 0.002108 38.155 4.906 0 1 0 0 0
15.12 131.416 0.001192 35.138 3.238 0 1 0 0 0
15.16 131.659 0.003233 43.236 3.312 0 1 0 0 0
15.20 131.902 0.001659 31.970 2.238 0 1 0 0 0
15.24 132.145 0.000411 15.700 1.734 0 1 0 0 0
15.28 132.387 0.000102 14.837 1.634 0 1 0 0 0
15.32 132.630 0.000135 19.537 1.642 1 0 0 0 0
15.36 132.873 0.000267 24.550 1.674 1 0 0 0 0
15.40 133.115 0.000232 20.644 1.754 1 0 0 0 0
15.44 133.358 0.000246 21.607 1.807 1 0 0 0 0
15.48 133.601 0.000209 20.737 1.856 1 0 0 0 0
15.52 133.844 0.000214 20.160 1.882 1 0 0 0 0
15.56 134.086 0.000198 20.220 1.877 1 0 0 0 0
15.60 134.329 0.000230 21.232 1.831 1 0 0 0 0
15.64 134.572 0.000194 21.032 1.756 1 0 0 0 0
15.68 134.814 0.000351 24.273 1.710 1 0 0 0 0
15.72 135.057 0.000252 22.765 1.731 1 0 0 0 0
15.76 135.300 0.000251 18.248 1.653 1 0 0 0 0
15.80 135.542 0.000207 18.546 1.647 1 0 0 0 0
15.84 135.785 0.000166 17.672 1.626 1 0 0 0 0
15.88 136.028 0.000181 18.724 1.620 1 0 0 0 0
15.92 136.271 0.000149 17.821 1.614 1 0 0 0 0
15.96 136.513 0.000159 17.692 1.618 1 0 0 0 0
16.00 136.756 0.000237 23.195 1.610 1 0 0 0 0
16.04 136.999 0.000262 19.595 1.608 1 0 0 0 0
16.08 137.241 0.000238 20.345 1.606 1 0 0 0 0
16.12 137.484 0.000165 17.049 1.603 1 0 0 0 0
16.16 137.727 0.000203 16.820 1.602 1 0 0 0 0
16.20 137.970 0.000110 13.937 1.601 1 0 0 0 0
16.24 138.212 0.000099 14.234 1.601 1 0 0 0 0
16.28 138.455 0.000124 15.807 1.601 1 0 0 0 0
16.32 138.698 0.000110 15.605 1.601 1 0 0 0 0
16.36 138.940 0.000136 17.968 1.601 1 0 0 0 0
16.40 139.183 0.000126 15.895 1.600 1 0 0 0 0
16.44 139.426 0.000109 14.961 1.601 1 0 0 0 0
16.48 139.669 0.000104 13.948 1.600 1 0 0 0 0
16.52 139.911 0.000098 15.215 1.600 1 0 0 0 0
16.56 140.154 0.000183 18.707 1.600 1 0 0 0 0
16.60 140.397 0.000107 13.859 1.600 1 0 0 0 0
16.64 140.639 0.000088 12.695 1.600 0 1 0 0 0
16.68 140.882 0.000091 13.333 1.600 0 1 0 0 0
16.72 141.125 0.000113 14.835 1.600 0 1 0 0 0
16.76 141.368 0.000124 14.415 1.600 0 1 0 0 0
16.80 141.610 0.000113 20.371 1.600 0 1 0 0 0
16.84 141.853 0.002417 48.103 2.546 0 1 0 0 0
16.88 142.152 0.008496 55.930 6.349 0 1 0 0 0
16.92 142.568 0.017680 60.073 11.307 0 1 0 0 0
16.96 142.221 0.020702 60.879 15.192 0 1 0 0 0
17.00 140.446 0.022379 59.830 16.163 0 1 0 0 0
17.04 140.715 0.015759 55.998 13.322 0 1 0 0 0
17.08 143.529 0.010197 45.578 8.541 0 1 0 0 0
17.12 145.120 0.001332 27.553 2.912 0 1 0 0 0
17.16 146.712 0.000309 17.969 1.906 0 1 0 0 0
17.20 148.303 0.000170 18.890 1.758 0 1 0 0 0
17.24 149.894 0.000161 17.154 1.679 0 1 0 0 0
17.28 151.485 0.000135 15.128 1.636 0 1 0 0 0
17.32 153.077 0.000112 14.180 1.612 0 1 0 0 0
17.36 154.668 0.000103 15.457 1.604 0 1 0 0 0
17.40 156.259 0.000183 26.951 1.601 0 1 0 0 0
17.44 157.850 0.005122 53.624 4.356 0 1 0 0 0
17.48 159.442 0.012085 52.549 7.243 0 1 0 0 0
17.52 161.401 0.006609 53.868 5.239 0 1 0 0 0
17.56 164.428 0.031875 66.326 12.629 0 1 0 0 0
17.60 166.225 0.033314 57.026 12.975 0 1 0 0 0
17.64 165.645 0.007360 51.843 8.106 0 1 0 0 0
17.68 165.429 0.014729 61.328 11.637 0 1 0 0 0
17.72 166.827 0.026023 62.455 17.577 0 1 0 0 0
17.76 168.512 0.022199 62.186 18.011 0 1 0 0 0
17.80 165.282 0.023713 59.292 17.877 0 1 0 0 0
17.84 157.987 0.011667 54.021 12.056 0 1 0 0 0
17.88 153.106 0.014463 53.938 12.590 0 1 0 0 0
17.92 151.895 0.003993 35.501 3.467 0 1 0 0 0
17.96 151.053 0.002489 48.529 3.949 0 1 0 0 0
18.00 149.806 0.014356 58.350 8.633 0 1 0 0 0
18.04 149.061 0.010000 48.548 7.872 0 1 0 0 0
18.08 148.640 0.003173 40.357 4.504 0 1 0 0 0
18.12 148.219 0.003250 45.278 5.463 0 1 0 0 0
18.16 147.798 0.003495 44.406 6.297 0 1 0 0 0
18.20 147.376 0.003219 48.022 4.235 0 1 0 0 0
18.24 146.955 0.009959 52.730 5.012 0 1 0 0 0
18.28 146.534 0.005321 40.204 4.063 0 1 0 0 0
18.32 146.113 0.000877 23.076 2.462 0 1 0 0 0
18.36 145.692 0.000235 23.197 1.837 0 1 0 0 0
18.40 145.271 0.001569 44.408 2.239 0 1 0 0 0
18.44 144.850 0.005087 47.852 4.154 0 1 0 0 0
18.48 144.428 0.003820 38.753 3.214 0 1 0 0 0
18.52 144.007 0.002487 46.016 3.425 0 1 0 0 0
18.56 143.586 0.006893 51.959 4.516 0 1 0 0 0
18.60 143.165 0.005294 49.482 4.828 0 1 0 0 0
18.64 142.744 0.007003 51.253 5.271 0 1 0 0 0
18.68 142.323 0.007363 49.608 5.907 0 1 0 0 0
18.72 141.902 0.003670 42.623 3.402 0 1 0 0 0
18.76 141.480 0.002505 40.597 2.698 0 1 0 0 0
18.80 141.059 0.001782 36.735 2.360 0 1 0 0 0
18.84 140.638 0.001292 38.866 2.487 0 1 0 0 0
18.88 140.217 0.004059 49.326 4.334 0 1 0 0 0
18.92 139.796 0.005956 50.092 5.753 0 1 0 0 0
18.96 139.375 0.005869 46.671 5.293 0 1 0 0 0
19.00 138.954 0.003630 46.485 6.304 0 1 0 0 0
19.04 138.533 0.003539 43.981 6.816 0 1 0 0 0
19.08 138.111 0.005486 51.405 5.479 0 1 0 0 0
19.12 137.690 0.005884 46.662 6.328 0 1 0 0 0
19.16 137.269 0.003505 40.446 4.536 0 1 0 0 0
19.20 136.848 0.001589 36.790 2.667 0 1 0 0 0
19.24 136.427 0.001082 34.964 2.567 0 1 0 0 0
19.28 136.006 0.001087 31.479 3.449 0 1 0 0 0
19.32 135.585 0.000704 31.973 3.188 0 1 0 0 0
19.36 135.163 0.002005 43.905 3.185 0 1 0 0 0
19.40 134.742 0.003278 42.236 3.305 0 1 0 0 0
19.44 134.321 0.001800 33.741 2.520 0 1 0 0 0
19.48 133.900 0.000538 25.710 1.811 0 1 0 0 0
19.52 133.479 0.000339 19.053 1.651 0 1 0 0 0
19.56 133.058 0.000174 22.298 1.616 0 1 0 0 0
19.60 132.637 0.000618 31.438 1.607 0 1 0 0 0
19.64 132.215 0.005616 53.330 3.714 0 1 0 0 0
19.68 131.794 0.009735 52.206 6.093 0 1 0 0 0
19.72 131.373 0.007512 52.812 5.915 0 1 0 0 0
19.76 130.952 0.010255 53.026 6.772 0 1 0 0 0
19.80 130.531 0.006996 46.613 5.247 0 1 0 0 0
19.84 130.110 0.004135 46.195 3.277 0 1 0 0 0
19.88 129.591 0.004283 49.553 3.735 0 1 0 0 0
19.92 128.717 0.012466 58.245 6.029 0 1 0 0 0
19.96 127.851 0.015845 54.468 7.193 0 1 0 0 0
20.00 127.361 0.005121 45.866 6.500 0 1 0 0 0
20.04 126.871 0.005789 52.336 6.289 0 1 0 0 0
20.08 126.381 0.011053 54.253 5.716 0 1 0 0 0
20.12 125.891 0.008041 48.504 4.751 0 1 0 0 0
20.16 125.401 0.003028 40.875 2.841 0 1 0 0 0
20.20 124.911 0.001993 41.557 3.243 0 1 0 0 0
20.24 124.421 0.004242 48.503 4.303 0 1 0 0 0
20.28 123.818 0.007854 54.619 5.912 0 1 0 0 0
20.32 125.971 0.014339 58.777 8.987 0 0 0 1 0
20.36 140.547 0.022598 63.397 13.425 0 0 0 1 0
20.40 160.761 0.038980 67.757 20.800 0 0 0 1 0
20.44 175.270 0.050022 65.900 28.976 0 0 0 1 0
20.48 181.489 0.021618 48.575 13.691 0 0 0 1 0
20.52 185.004 0.001200 31.844 4.933 0 0 0 1 0
20.56 188.520 0.000833 31.341 3.517 0 0 0 1 0
20.60 192.849 0.000787 39.967 3.107 0 0 0 1 0
20.64 203.944 0.047439 72.376 16.294 0 0 0 1 0
20.68 221.878 0.058316 67.800 29.946 0 0 0 1 0
20.72 218.151 0.051314 57.787 23.880 0 0 0 1 0
20.76 216.043 0.003836 35.808 6.664 0 0 0 1 0
20.80 213.936 0.001029 31.237 3.987 0 0 0 1 0
20.84 211.829 0.001140 37.390 3.448 0 0 0 1 0
20.88 209.234 0.008229 60.302 5.699 0 0 0 1 0
20.92 206.110 0.043208 65.418 18.467 0 0 0 1 0
20.96 206.553 0.023356 44.929 11.106 0 0 0 1 0
21.00 206.803 0.000895 28.020 3.684 0 0 0 1 0
21.04 207.053 0.000348 23.063 2.035 0 0 0 1 0
21.08 207.303 0.000541 29.885 2.218 0 0 0 1 0
21.12 207.554 0.000726 32.019 3.017 0 0 0 1 0
21.16 207.804 0.000870 33.337 3.562 0 0 0 1 0
21.20 208.054 0.000996 34.748 3.963 0 0 0 1 0
21.24 208.304 0.001114 35.018 4.203 0 0 0 1 0
21.28 208.554 0.001165 36.303 4.265 0 0 0 1 0
21.32 208.804 0.001687 40.524 4.089 0 0 0 1 0
21.36 209.055 0.003147 44.200 4.010 0 0 0 1 0
21.40 209.363 0.004160 52.813 3.674 0 0 0 1 0
21.44 209.233 0.032445 65.395 13.963 0 0 0 1 0
21.48 207.265 0.028788 54.786 13.220 0 0 0 1 0
21.52 206.153 0.009692 51.671 9.455 0 0 0 1 0
21.56 205.041 0.011592 50.159 9.616 0 0 0 1 0
21.60 203.928 0.004078 43.889 6.666 0 0 0 1 0
21.64 202.559 0.013464 57.847 10.121 0 0 0 1 0
21.68 200.010 0.030409 64.069 14.753 0 0 0 1 0
21.72 196.803 0.028050 47.952 12.370 0 0 0 1 0
21.76 194.990 0.004224 46.133 8.494 0 0 0 1 0
21.80 192.758 0.004612 50.180 7.977 0 0 0 1 0
21.84 189.390 0.025609 68.327 12.887 0 0 0 1 0
21.88 187.174 0.088501 72.564 33.602 0 0 0 1 0
21.92 185.921 0.078698 65.438 37.415 0 0 0 1 0
21.96 184.667 0.007269 41.919 11.217 0 0 0 1 0
22.00 183.414 0.002084 37.534 6.333 0 0 0 1 0
22.04 181.871 0.001258 40.989 4.586 0 0 0 1 0
22.08 178.915 0.044946 70.275 17.409 0 0 0 1 0
22.12 174.978 0.042754 52.975 16.325 0 0 0 1 0
22.16 172.753 0.002186 36.520 5.771 0 0 0 1 0
22.20 170.527 0.001111 34.414 4.045 0 0 0 1 0
22.24 167.787 0.001491 40.988 3.154 0 0 0 1 0
22.28 163.871 0.036946 66.025 14.449 0 0 0 1 0
22.32 161.982 0.023660 42.105 9.553 0 0 0 1 0
22.36 160.914 0.001516 32.938 4.099 0 0 0 1 0
22.40 159.846 0.000894 31.348 2.714 0 0 0 1 0
22.44 158.531 0.004941 54.608 3.731 0 0 0 1 0
22.48 153.969 0.031908 66.896 14.621 0 0 0 1 0
22.52 144.672 0.040247 60.984 21.207 0 0 0 1 0
22.56 146.231 0.012263 42.371 8.034 0 0 0 1 0
22.60 147.112 0.000771 22.498 2.590 0 0 0 1 0
22.64 147.993 0.000440 26.409 1.843 0 0 0 1 0
22.68 148.874 0.000329 25.150 1.787 0 0 0 1 0
22.72 149.756 0.000378 24.714 2.004 0 0 0 1 0
22.76 150.637 0.000376 29.350 2.015 0 0 0 1 0
22.80 151.518 0.002270 44.158 3.100 0 0 0 1 0
22.84 152.399 0.004485 38.883 4.052 0 0 0 1 0
22.88 153.281 0.001323 35.445 3.463 0 0 0 1 0
22.92 154.162 0.001013 34.941 3.211 0 0 0 1 0
22.96 155.043 0.001113 34.604 3.343 0 0 0 1 0
23.00 155.925 0.000862 33.097 3.438 0 0 0 1 0
23.04 156.806 0.000999 37.318 3.671 0 0 0 1 0
23.08 157.687 0.003180 35.811 3.747 0 0 0 1 0
23.12 158.568 0.001090 36.665 3.367 0 1 0 0 0
23.16 159.450 0.002577 42.866 3.333 0 1 0 0 0
23.20 160.331 0.003200 36.154 3.031 0 1 0 0 0
23.24 161.212 0.001110 33.440 2.955 0 1 0 0 0
23.28 162.094 0.000977 33.760 3.126 0 1 0 0 0
23.32 162.975 0.000900 32.180 3.200 0 1 0 0 0
23.36 163.856 0.000751 32.368 3.234 0 1 0 0 0
23.40 164.737 0.000543 27.562 2.854 0 1 0 0 0
23.44 165.619 0.000405 24.971 2.594 0 1 0 0 0
23.48 166.500 0.000324 23.203 2.210 0 1 0 0 0
23.52 167.381 0.000278 23.937 1.802 0 1 0 0 0
23.56 168.263 0.000691 37.002 2.548 0 1 0 0 0
23.60 169.144 0.003468 49.980 4.904 0 1 0 0 0
23.64 170.025 0.014858 55.030 7.208 0 1 0 0 0
23.68 171.110 0.009767 55.398 8.151 0 1 0 0 0
23.72 173.682 0.014048 55.700 10.997 0 1 0 0 0
23.76 178.943 0.008458 51.251 10.222 0 1 0 0 0
23.80 185.859 0.011639 58.262 12.414 0 1 0 0 0
23.84 198.752 0.019501 56.303 15.709 0 1 0 0 0
23.88 211.567 0.008164 47.308 9.625 0 1 0 0 0
23.92 218.813 0.005627 50.137 9.191 0 1 0 0 0
23.96 227.734 0.008341 55.687 9.291 0 1 0 0 0
24.00 234.234 0.016221 56.855 11.503 0 1 0 0 0
24.04 216.494 0.008107 52.079 7.985 0 1 0 0 0
24.08 204.145 0.008140 54.196 8.503 0 1 0 0 0
24.12 187.623 0.020525 61.576 11.716 0 1 0 0 0
24.16 183.411 0.015241 51.137 10.947 0 1 0 0 0
24.20 181.029 0.003213 40.834 6.923 0 1 0 0 0
24.24 178.096 0.001796 41.761 5.009 0 1 0 0 0
24.28 174.461 0.014215 60.886 8.271 0 1 0 0 0
24.32 176.824 0.021915 59.898 13.354 0 1 0 0 0
24.36 185.525 0.013564 51.972 10.999 0 1 0 0 0
24.40 190.444 0.005109 44.469 6.355 0 1 0 0 0
24.44 196.502 0.003364 45.375 5.728 0 1 0 0 0
24.48 204.892 0.015602 59.981 10.196 0 1 0 0 0
24.52 203.977 0.015380 56.998 11.641 0 1 0 0 0
24.56 184.154 0.013506 56.846 12.635 0 1 0 0 0
24.60 153.887 0.018004 58.153 13.682 0 1 0 0 0
24.64 138.893 0.011822 53.790 11.337 0 1 0 0 0
24.68 143.408 0.006652 44.293 7.192 0 1 0 0 0
24.72 145.960 0.001463 31.690 3.190 0 1 0 0 0
24.76 148.512 0.000387 23.710 1.895 0 1 0 0 0
24.80 151.065 0.000168 17.977 1.670 0 1 0 0 0
24.84 153.617 0.000204 20.040 1.618 0 1 0 0 0
24.88 156.170 0.000260 23.017 1.632 0 1 0 0 0
24.92 158.722 0.000835 33.041 1.610 0 1 0 0 0
24.96 161.275 0.000636 20.393 1.603 0 1 0 0 0
25.00 163.827 0.000220 19.470 1.601 0 1 0 0 0
25.04 166.380 0.000138 16.282 1.600 0 1 0 0 0
25.08 168.932 0.000167 20.277 1.600 0 1 0 0 0
25.12 171.485 0.000304 19.342 1.600 1 0 0 0 0
25.16 174.037 0.000302 26.866 1.600 1 0 0 0 0
25.20 176.590 0.001164 38.156 1.600 1 0 0 0 0
25.24 179.142 0.001211 31.021 1.600 1 0 0 0 0
25.28 181.695 0.002054 32.513 1.608 1 0 0 0 0
25.32 184.247 0.000188 14.886 1.603 1 0 0 0 0
25.36 186.800 0.000187 19.872 1.601 1 0 0 0 0
25.40 189.352 0.000222 18.942 1.601 1 0 0 0 0
25.44 191.904 0.000156 19.173 1.601 1 0 0 0 0
25.48 194.457 0.000221 21.719 1.600 1 0 0 0 0
25.52 197.009 0.000242 22.156 1.600 1 0 0 0 0
25.56 199.562 0.000214 18.647 1.600 1 0 0 0 0
25.60 202.114 0.000193 18.163 1.602 1 0 0 0 0
25.64 204.667 0.000188 19.843 1.601 1 0 0 0 0
25.68 207.219 0.000211 20.605 1.600 1 0 0 0 0
25.72 209.772 0.000149 17.418 1.600 1 0 0 0 0
25.76 212.324 0.000145 16.936 1.600 1 0 0 0 0
25.80 214.877 0.000123 14.977 1.601 1 0 0 0 0
25.84 217.429 0.000134 16.587 1.601 1 0 0 0 0
25.88 219.982 0.000149 18.780 1.601 1 0 0 0 0
25.92 222.534 0.000132 15.658 1.600 1 0 0 0 0
25.96 225.087 0.000122 17.380 1.607 1 0 0 0 0
26.00 227.639 0.000169 21.123 1.630 1 0 0 0 0
26.04 230.191 0.000272 21.230 1.638 1 0 0 0 0
26.08 232.744 0.000225 20.188 1.610 1 0 0 0 0
26.12 235.296 0.000202 20.559 1.603 1 0 0 0 0
26.16 237.849 0.000185 20.640 1.601 1 0 0 0 0
26.20 240.401 0.000195 19.604 1.600 1 0 0 0 0
26.24 242.954 0.000157 17.088 1.600 1 0 0 0 0
26.28 245.506 0.000175 17.492 1.600 0 0 0 1 0
26.32 248.059 0.000154 18.354 1.600 0 0 0 1 0
26.36 250.611 0.000212 19.216 1.600 0 0 0 1 0
26.40 253.164 0.000157 23.991 1.607 0 0 0 1 0
26.44 256.307 0.001753 51.252 2.467 0 0 0 1 0
26.48 277.191 0.035321 68.289 11.381 0 0 0 1 0
26.52 328.981 0.052708 65.561 22.231 0 0 0 1 0
26.56 311.477 0.018871 52.624 12.804 0 0 0 1 0
26.60 301.581 0.007874 46.239 8.925 0 0 0 1 0
26.64 291.684 0.002660 42.728 5.945 0 0 0 1 0
26.68 281.788 0.013650 64.643 8.954 0 0 0 1 0
26.72 271.891 0.084872 71.209 31.356 0 0 0 1 0
26.76 261.995 0.049325 55.243 21.825 0 0 0 1 0
26.80 252.099 0.003572 42.792 9.574 0 0 0 1 0
26.84 242.202 0.002873 41.941 7.441 0 0 0 1 0
26.88 230.017 0.003030 47.137 6.965 0 0 0 1 0
26.92 217.185 0.022949 67.672 11.335 0 0 0 1 0
26.96 223.956 0.085432 67.644 32.655 0 0 0 1 0
27.00 219.555 0.015279 41.952 12.419 0 0 0 1 0
27.04 217.068 0.002035 38.590 6.916 0 0 0 1 0
27.08 214.004 0.001665 42.257 5.390 0 0 0 1 0
27.12 213.505 0.027572 70.437 13.212 0 0 0 1 0
27.16 221.726 0.100921 72.175 38.006 0 0 0 1 0
27.20 210.894 0.045621 48.966 19.495 0 0 0 1 0
27.24 204.770 0.002253 34.181 6.630 0 0 0 1 0
27.28 198.646 0.000945 33.949 4.213 0 0 0 1 0
27.32 191.105 0.001300 50.305 4.124 0 0 0 1 0
27.36 182.397 0.037300 64.022 17.340 0 0 0 1 0
27.40 185.102 0.013499 36.706 8.237 0 0 0 1 0
27.44 186.631 0.001174 36.483 4.650 0 0 0 1 0
27.48 188.514 0.001878 45.890 3.430 0 0 0 1 0
27.52 190.940 0.013381 62.735 7.492 0 0 0 1 0
27.56 191.827 0.043199 64.287 20.597 0 0 0 1 0
27.60 194.277 0.017711 38.399 8.624 0 0 0 1 0
27.64 195.663 0.001332 32.242 3.617 0 0 0 1 0
27.68 197.048 0.000892 35.239 2.361 0 0 0 1 0
27.72 198.754 0.001050 47.461 2.615 0 0 0 1 0
27.76 198.523 0.019706 59.523 9.845 0 0 0 1 0
27.80 189.497 0.009805 35.136 5.954 0 0 0 1 0
27.84 184.393 0.000490 23.489 2.707 0 0 0 1 0
27.88 178.110 0.000280 27.122 1.920 0 0 0 1 0
27.92 167.322 0.006041 56.501 4.307 0 0 0 1 0
27.96 157.499 0.014144 52.245 9.898 0 0 0 1 0
28.00 157.311 0.002263 25.431 3.689 0 0 0 1 0
28.04 157.205 0.000301 23.611 2.025 0 0 0 1 0
28.08 157.099 0.000608 36.951 2.227 0 0 0 1 0
28.12 156.994 0.003807 47.025 3.995 0 0 0 1 0
28.16 156.888 0.003711 45.106 5.156 0 0 0 1 0
28.20 156.782 0.003930 45.045 5.601 0 0 0 1 0
28.24 156.676 0.002957 42.106 5.037 0 0 0 1 0
28.28 156.570 0.002284 40.456 4.767 0 0 0 1 0
28.32 156.464 0.002190 40.476 5.180 0 0 0 1 0
28.36 156.358 0.002027 40.486 5.439 0 0 0 1 0
28.40 156.252 0.001734 39.024 4.764 0 0 0 1 0
28.44 156.146 0.002011 40.988 4.099 0 0 0 1 0
28.48 156.040 0.002929 43.634 3.592 0 0 0 1 0
28.52 155.934 0.002363 38.261 2.954 0 0 0 1 0
28.56 155.828 0.001246 35.218 2.515 0 0 0 1 0
28.60 155.722 0.001301 37.668 2.550 0 0 0 1 0
28.64 155.616 0.001876 40.397 2.947 0 0 0 1 0
28.68 155.510 0.002143 39.966 3.138 0 0 0 1 0
28.72 155.404 0.002639 36.195 2.633 0 1 0 0 0
28.76 155.274 0.000807 42.822 2.261 0 1 0 0 0
28.80 156.814 0.021985 63.149 7.413 0 1 0 0 0
28.84 163.324 0.018629 52.991 8.670 0 1 0 0 0
28.88 167.006 0.005420 47.203 4.678 0 1 0 0 0
28.92 171.538 0.004259 51.650 6.147 0 1 0 0 0
28.96 176.738 0.028531 66.821 11.834 0 1 0 0 0
29.00 174.353 0.040369 62.769 17.776 0 1 0 0 0
29.04 170.845 0.016950 53.680 12.131 0 1 0 0 0
29.08 168.357 0.020827 64.762 13.728 0 1 0 0 0
29.12 166.407 0.060378 69.507 24.602 0 1 0 0 0
29.16 163.219 0.041624 59.056 19.823 0 1 0 0 0
29.20 162.272 0.007255 49.473 9.917 0 1 0 0 0
29.24 161.736 0.012265 55.510 9.796 0 1 0 0 0
29.28 161.201 0.009542 45.627 5.957 0 1 0 0 0
29.32 160.665 0.003515 45.553 4.589 0 1 0 0 0
29.36 160.130 0.003839 44.089 5.405 0 1 0 0 0
29.40 159.594 0.002791 39.774 5.379 0 1 0 0 0
29.44 159.059 0.002336 43.683 5.996 0 1 0 0 0
29.48 158.523 0.004538 45.648 6.085 0 1 0 0 0
29.52 157.987 0.003183 42.228 5.771 0 1 0 0 0
29.56 157.452 0.002599 42.044 6.037 0 1 0 0 0
29.60 156.916 0.002306 39.094 5.894 0 1 0 0 0
29.64 156.381 0.001644 40.712 4.632 0 1 0 0 0
29.68 155.845 0.005134 48.961 4.562 0 1 0 0 0
29.72 155.310 0.004687 48.937 4.903 0 1 0 0 0
29.76 154.774 0.006426 48.588 5.788 0 1 0 0 0
29.80 154.238 0.003412 42.120 4.981 0 1 0 0 0
29.84 153.703 0.002044 36.145 3.720 0 1 0 0 0
29.88 153.167 0.000747 29.471 2.108 0 1 0 0 0
29.92 152.632 0.000607 27.791 1.743 0 1 0 0 0
29.96 152.096 0.000333 20.321 1.635 0 1 0 0 0
30.00 151.561 0.000146 17.305 1.610 0 1 0 0 0
30.04 151.025 0.000184 19.004 1.602 1 0 0 0 0
30.08 150.490 0.000131 15.700 1.601 1 0 0 0 0
30.12 149.954 0.000141 16.861 1.600 1 0 0 0 0
30.16 149.418 0.000119 14.635 1.600 1 0 0 0 0
30.20 148.883 0.000115 15.929 1.600 1 0 0 0 0
30.24 148.347 0.000127 16.625 1.600 1 0 0 0 0
30.28 147.812 0.000105 14.879 1.601 1 0 0 0 0
30.32 147.276 0.000100 13.893 1.602 1 0 0 0 0
30.36 146.741 0.000137 17.554 1.601 1 0 0 0 0
30.40 146.205 0.000278 21.229 1.601 1 0 0 0 0
30.44 145.669 0.000236 22.054 1.600 1 0 0 0 0
30.48 145.134 0.000384 22.717 1.600 1 0 0 0 0
30.52 144.598 0.000264 17.783 1.600 1 0 0 0 0
30.56 144.063 0.000248 18.640 1.600 1 0 0 0 0
30.60 143.527 0.000205 19.525 1.600 1 0 0 0 0
30.64 142.992 0.000213 20.799 1.600 1 0 0 0 0
30.68 142.456 0.000151 18.253 1.600 1 0 0 0 0
30.72 141.921 0.000237 24.222 1.600 1 0 0 0 0
30.76 141.385 0.000303 24.233 1.600 1 0 0 0 0
30.80 140.849 0.000348 18.669 1.624 1 0 0 0 0
30.84 140.314 0.000215 16.187 1.680 1 0 0 0 0
30.88 139.778 0.000180 20.764 1.637 1 0 0 0 0
30.92 139.243 0.000141 16.230 1.700 1 0 0 0 0
30.96 138.707 0.000190 15.709 1.690 1 0 0 0 0
31.00 138.172 0.000136 17.955 1.626 1 0 0 0 0
31.04 137.636 0.000188 19.749 1.665 0 1 0 0 0
31.08 137.101 0.000154 14.608 1.628 0 1 0 0 0
31.12 136.565 0.000122 18.773 1.607 0 1 0 0 0
31.16 136.029 0.000428 28.561 1.720 0 1 0 0 0
31.20 135.494 0.000606 27.087 2.044 0 1 0 0 0
31.24 134.958 0.000591 39.757 2.415 0 1 0 0 0
31.28 134.423 0.008217 52.331 5.029 0 1 0 0 0
31.32 133.887 0.003450 45.470 6.287 0 1 0 0 0
31.36 133.352 0.004490 47.088 7.034 0 1 0 0 0
31.40 132.692 0.009951 55.940 8.135 0 1 0 0 0
31.44 132.016 0.011519 58.747 11.312 0 1 0 0 0
31.48 132.432 0.025297 60.980 15.043 0 1 0 0 0
31.52 132.146 0.020024 46.413 7.883 0 1 0 0 0
31.56 131.985 0.002361 42.694 5.446 0 1 0 0 0
31.60 131.785 0.001314 42.007 3.939 0 1 0 0 0
31.64 130.776 0.011619 59.748 5.915 0 1 0 0 0
31.68 128.762 0.016706 55.420 8.115 0 1 0 0 0
31.72 130.726 0.008458 48.978 6.186 0 1 0 0 0
31.76 131.837 0.004544 44.875 2.852 0 1 0 0 0
31.80 133.204 0.004825 49.134 6.335 0 1 0 0 0
31.84 137.892 0.011532 58.497 9.679 0 1 0 0 0
31.88 149.102 0.026914 63.970 16.777 0 1 0 0 0
31.92 153.518 0.028443 58.799 18.255 0 1 0 0 0
31.96 153.825 0.010551 39.493 6.007 0 1 0 0 0
32.00 153.999 0.004373 49.804 6.068 0 1 0 0 0
32.04 154.172 0.010047 51.515 6.689 0 1 0 0 0
32.08 154.346 0.003702 40.042 4.235 0 1 0 0 0
32.12 154.519 0.002113 37.521 4.070 0 1 0 0 0
32.16 154.693 0.001529 32.816 3.746 0 1 0 0 0
32.20 154.866 0.001986 44.560 2.651 0 1 0 0 0
32.24 155.040 0.005339 47.007 3.888 0 1 0 0 0
32.28 155.213 0.002476 39.893 3.140 0 1 0 0 0
32.32 155.387 0.002348 41.533 2.946 0 1 0 0 0
32.36 155.560 0.002312 38.092 2.716 0 1 0 0 0
32.40 155.734 0.000923 27.034 1.957 0 1 0 0 0
32.44 155.907 0.000389 20.981 1.685 0 1 0 0 0
32.48 156.081 0.000195 21.620 1.621 0 1 0 0 0
32.52 156.254 0.000206 20.787 1.605 0 1 0 0 0
32.56 156.428 0.000216 16.956 1.601 1 0 0 0 0
32.60 156.601 0.000131 18.042 1.603 1 0 0 0 0
32.64 156.775 0.000211 21.425 1.625 1 0 0 0 0
32.68 156.948 0.000253 21.537 1.652 1 0 0 0 0
32.72 157.122 0.000297 19.392 1.663 1 0 0 0 0
32.76 157.295 0.000252 22.141 1.638 1 0 0 0 0
32.80 157.469 0.000178 17.821 1.619 1 0 0 0 0
32.84 157.642 0.000195 21.169 1.644 1 0 0 0 0
32.88 157.816 0.000244 21.614 1.647 1 0 0 0 0
32.92 157.990 0.000152 16.279 1.613 1 0 0 0 0
32.96 158.163 0.000143 16.335 1.610 1 0 0 0 0
33.00 158.337 0.000137 16.834 1.603 1 0 0 0 0
33.04 158.510 0.000142 16.196 1.602 1 0 0 0 0
33.08 158.684 0.000110 14.805 1.600 1 0 0 0 0
33.12 158.857 0.000103 14.295 1.603 1 0 0 0 0
33.16 159.031 0.000111 14.576 1.601 1 0 0 0 0
33.20 159.204 0.000097 13.488 1.600 1 0 0 0 0
33.24 159.378 0.000108 15.163 1.600 1 0 0 0 0
33.28 159.551 0.000120 17.161 1.600 1 0 0 0 0
33.32 159.725 0.000165 21.216 1.608 1 0 0 0 0
33.36 159.898 0.000321 23.689 1.602 1 0 0 0 0
33.40 160.072 0.000197 21.040 1.628 1 0 0 0 0
33.44 160.245 0.000413 26.305 1.772 1 0 0 0 0
33.48 160.419 0.000438 25.349 2.001 1 0 0 0 0
33.52 160.592 0.000403 24.936 1.949 1 0 0 0 0
33.56 160.766 0.000290 18.035 1.732 0 0 0 0 1
33.60 160.939 0.000135 16.470 1.631 0 0 0 0 1
33.64 161.113 0.000121 16.850 1.608 0 0 0 0 1
33.68 161.286 0.000158 20.709 1.602 0 0 0 0 1
33.72 161.460 0.000190 20.531 1.601 0 0 0 0 1
33.76 161.633 0.000188 21.828 1.601 0 0 0 0 1
33.80 161.807 0.000425 27.546 1.837 0 0 0 0 1
33.84 161.980 0.001254 41.935 2.485 0 0 0 0 1
33.88 162.154 0.005438 49.870 5.092 0 0 0 0 1
33.92 162.327 0.004920 48.793 6.353 0 0 0 0 1
33.96 162.501 0.006626 54.963 7.645 0 0 0 0 1
34.00 162.674 0.029147 63.671 16.122 0 0 0 0 1
34.04 162.848 0.010438 49.891 10.822 0 0 0 0 1
34.08 163.021 0.007547 51.690 10.570 0 0 0 0 1
34.12 163.235 0.007370 51.163 10.675 0 0 0 0 1
34.16 171.317 0.011212 60.097 10.289 0 0 0 0 1
34.20 200.846 0.048494 71.440 19.331 0 0 0 0 1
34.24 214.433 0.062066 62.818 27.987 0 0 0 0 1
34.28 222.115 0.005806 46.626 12.029 0 0 0 0 1
34.32 229.798 0.006414 50.488 10.692 0 0 0 0 1
34.36 239.256 0.005531 54.710 10.381 0 0 0 0 1
34.40 250.081 0.099422 76.866 35.575 0 0 0 0 1
34.44 246.310 0.098156 63.890 38.869 0 0 0 0 1
34.48 244.178 0.004864 45.166 13.045 0 0 0 0 1
34.52 242.046 0.005911 48.775 10.051 0 0 0 0 1
34.56 239.422 0.005351 54.099 8.705 0 0 0 0 1
34.60 233.062 0.084635 75.319 28.802 0 0 0 0 1
34.64 221.278 0.062976 59.974 26.380 0 0 0 0 1
34.68 214.615 0.004344 45.239 11.036 0 0 0 0 1
34.72 206.412 0.004071 46.808 8.274 0 0 0 0 1
34.76 202.434 0.009160 61.049 9.455 0 0 0 0 1
34.80 229.521 0.093417 76.962 32.685 0 0 0 0 1
34.84 247.470 0.112465 71.706 50.322 0 0 0 0 1
34.88 236.483 0.058474 50.606 24.370 0 0 0 0 1
34.92 230.271 0.002623 38.570 8.384 0 0 0 0 1
34.96 224.058 0.001535 38.386 5.512 0 0 0 0 1
35.00 216.409 0.001190 47.194 4.935 0 0 0 0 1
35.04 205.660 0.040034 71.032 19.254 0 0 0 0 1
35.08 201.075 0.061828 63.206 31.982 0 0 0 0 1
35.12 198.484 0.018673 38.292 11.129 0 0 0 0 1
35.16 195.892 0.001534 34.710 5.440 0 0 0 0 1
35.20 192.700 0.000947 36.900 3.669 0 0 0 0 1
35.24 190.726 0.010402 61.673 6.849 0 0 0 0 1
35.28 195.686 0.041983 66.039 21.705 0 0 0 0 1
35.32 189.096 0.029445 49.073 15.438 0 0 0 0 1
35.36 185.369 0.001533 34.203 5.521 0 0 0 0 1
35.40 180.781 0.001328 39.418 3.928 0 0 0 0 1
35.44 178.458 0.008579 59.427 6.254 0 0 0 0 1
35.48 191.063 0.030530 64.717 17.800 0 0 0 0 1
35.52 195.990 0.031195 55.714 18.234 0 0 0 0 1
35.56 198.776 0.002904 36.128 5.426 0 0 0 0 1
35.60 201.562 0.001473 32.592 3.167 0 0 0 0 1
35.64 204.992 0.000567 33.795 2.328 0 0 0 0 1
35.68 208.968 0.016219 64.791 8.747 0 0 0 0 1
35.72 207.793 0.036494 61.336 19.300 0 0 0 0 1
35.76 207.129 0.003907 33.693 6.076 0 0 0 0 1
35.80 206.465 0.000555 23.629 2.729 0 0 0 0 1
35.84 205.648 0.000419 29.364 2.047 0 0 0 0 1
35.88 208.193 0.008147 59.808 5.056 0 0 0 0 1
35.92 218.737 0.033791 63.774 15.668 0 0 0 0 1
35.96 213.741 0.026667 43.258 10.287 0 0 0 0 1
36.00 210.916 0.001122 29.192 3.736 0 0 0 0 1
36.04 208.092 0.000486 26.277 2.373 0 0 0 0 1
36.08 204.614 0.000301 31.939 1.943 0 0 0 0 1
36.12 201.704 0.011160 61.585 6.567 0 0 0 0 1
36.16 206.069 0.028629 59.861 15.411 0 0 0 0 1
36.20 204.541 0.003005 35.193 5.179 0 0 0 0 1
36.24 203.677 0.001484 34.831 2.526 0 0 0 0 1
36.28 202.813 0.000364 29.450 1.900 0 0 0 0 1
36.32 201.749 0.002385 49.535 2.693 0 0 0 0 1
36.36 201.472 0.015629 59.808 8.160 0 0 0 0 1
36.40 205.491 0.015893 45.993 8.960 0 0 0 0 1
36.44 207.764 0.000582 23.616 2.880 0 0 0 0 1
36.48 210.036 0.000310 16.134 1.860 0 0 0 0 1
36.52 212.308 0.000171 18.993 1.663 0 0 0 0 1
36.56 214.581 0.000232 22.504 1.619 0 0 0 0 1
36.60 216.853 0.000348 26.263 1.614 0 0 0 0 1
36.64 219.125 0.000308 22.312 1.612 0 0 0 0 1
36.68 221.398 0.000328 25.406 1.647 0 0 0 0 1
36.72 223.670 0.000365 27.668 1.612 0 0 0 0 1
36.76 226.468 0.001181 45.136 2.300 0 0 0 0 1
36.80 229.539 0.011344 56.929 7.212 0 0 0 0 1
36.84 222.339 0.016015 56.700 12.119 0 0 0 1 0
36.88 193.605 0.012065 57.499 13.342 0 0 0 1 0
36.92 160.205 0.024303 65.403 17.268 0 0 0 1 0
36.96 154.179 0.052381 61.766 21.529 0 0 0 1 0
37.00 155.907 0.006255 50.667 10.951 0 0 0 1 0
37.04 156.884 0.024864 53.761 10.342 0 0 0 1 0
37.08 157.861 0.002177 41.152 4.340 0 0 0 1 0
37.12 158.839 0.002866 45.131 4.085 0 0 0 1 0
37.16 160.042 0.010343 59.407 4.646 0 0 0 1 0
37.20 162.518 0.032216 69.107 14.889 0 0 0 1 0
37.24 165.886 0.062231 64.298 29.515 0 0 0 1 0
37.28 166.385 0.004718 37.897 8.585 0 0 0 1 0
37.32 166.667 0.002232 42.664 5.041 0 0 0 1 0
37.36 166.949 0.000902 32.354 3.647 0 0 0 1 0
37.40 167.231 0.000702 30.781 2.730 0 0 0 1 0
37.44 167.512 0.000410 26.554 2.406 0 0 0 1 0
37.48 167.794 0.001316 32.141 2.582 0 0 0 1 0
37.52 168.076 0.000525 28.716 2.487 0 0 0 1 0
37.56 168.424 0.000709 32.876 2.349 0 0 0 1 0
37.60 168.607 0.010402 58.563 6.994 0 0 0 1 0
37.64 167.653 0.016965 48.656 9.964 0 0 0 1 0
37.68 167.113 0.000853 26.955 3.699 0 0 0 1 0
37.72 166.573 0.000483 26.810 2.758 0 0 0 1 0
37.76 165.909 0.000409 31.694 2.215 0 0 0 1 0
37.80 166.892 0.006956 58.029 4.864 0 0 0 1 0
37.84 172.495 0.020981 61.136 13.311 0 0 0 1 0
37.88 170.887 0.025254 47.693 11.401 0 0 0 1 0
37.92 169.977 0.001017 26.800 3.713 0 0 0 1 0
37.96 169.067 0.000315 22.615 2.297 0 0 0 1 0
38.00 168.158 0.000413 31.394 1.877 0 0 0 1 0
38.04 167.038 0.003923 53.470 3.362 0 0 0 1 0
38.08 166.325 0.015823 55.789 9.934 0 0 0 1 0
38.12 168.946 0.011615 34.657 6.144 0 0 0 1 0
38.16 170.427 0.000433 25.400 2.622 0 0 0 1 0
38.20 171.909 0.000378 24.933 2.022 0 0 0 1 0
38.24 173.390 0.000387 28.660 1.828 0 0 0 1 0
38.28 175.215 0.002168 47.627 2.979 0 0 0 1 0
38.32 183.188 0.011455 55.955 8.722 0 0 0 1 0
38.36 204.966 0.012298 41.432 7.103 0 0 0 1 0
38.40 217.279 0.000963 35.556 2.745 0 0 0 1 0
38.44 229.592 0.005194 49.643 3.179 0 0 0 1 0
38.48 241.905 0.001203 33.581 2.061 0 0 0 1 0
38.52 254.218 0.000916 36.524 1.955 0 0 0 1 0
38.56 266.531 0.002466 46.598 3.338 0 0 0 1 0
38.60 278.844 0.006882 42.204 5.462 0 0 0 1 0
38.64 291.156 0.000933 28.701 2.329 0 0 0 1 0
38.68 303.469 0.000486 27.632 1.762 0 0 0 1 0
38.72 315.782 0.000441 25.753 1.648 0 0 0 1 0
38.76 328.095 0.000351 24.276 1.634 0 0 0 1 0
38.80 340.408 0.000745 37.580 1.619 0 0 0 1 0
38.84 352.721 0.003203 30.107 1.609 0 0 0 1 0
38.88 365.034 0.000320 20.419 1.680 0 0 0 1 0
38.92 377.347 0.000265 20.625 1.718 0 0 0 1 0
38.96 389.659 0.000293 27.793 1.630 0 0 0 1 0
39.00 401.972 0.001720 44.816 2.884 0 0 0 1 0
39.04 414.285 0.005663 49.402 7.037 0 0 0 1 0
39.08 426.598 0.006790 52.737 10.314 0 0 0 1 0
39.12 438.911 0.010868 57.591 13.314 0 0 0 1 0
39.16 454.072 0.021308 64.256 18.960 0 0 0 1 0
39.20 466.382 0.040205 62.169 22.322 0 0 0 1 0
39.24 441.070 0.007808 44.834 9.753 0 0 0 1 0
39.28 426.759 0.009065 38.799 6.157 0 0 0 1 0
39.32 412.448 0.001155 35.011 3.170 0 0 0 1 0
39.36 398.138 0.000747 29.351 2.891 0 0 0 1 0
39.40 383.827 0.000882 33.742 2.698 0 0 0 1 0
39.44 369.516 0.000935 33.484 2.169 0 0 0 1 0
39.48 355.205 0.000965 37.351 2.637 0 0 0 1 0
39.52 340.894 0.002967 45.715 4.960 0 0 0 1 0
39.56 326.583 0.004222 48.476 7.122 0 0 0 1 0
39.60 312.273 0.005624 50.277 8.637 0 0 0 1 0
39.64 297.962 0.005835 51.189 9.374 0 0 0 1 0
39.68 283.651 0.011191 52.127 9.677 0 0 0 1 0
39.72 269.340 0.005005 36.727 4.547 0 0 0 1 0
39.76 251.719 0.000564 33.265 2.392 0 0 0 1 0
39.80 227.293 0.012134 60.942 7.378 0 1 0 0 0
39.84 217.568 0.024369 62.748 14.987 0 1 0 0 0
39.88 210.692 0.026013 58.950 15.689 0 1 0 0 0
39.92 204.891 0.005768 50.377 6.876 0 1 0 0 0
39.96 199.015 0.016930 62.387 10.214 0 1 0 0 0
40.00 193.192 0.030147 63.218 13.881 0 1 0 0 0
40.04 188.935 0.022215 56.081 11.910 0 1 0 0 0
40.08 186.818 0.005723 46.952 6.026 0 1 0 0 0
40.12 185.622 0.003439 44.351 5.502 0 1 0 0 0
40.16 184.425 0.003329 42.129 5.879 0 1 0 0 0
40.20 183.229 0.002201 36.483 5.205 0 1 0 0 0
40.24 182.033 0.001933 44.201 4.751 0 1 0 0 0
40.28 180.559 0.009801 57.417 6.906 0 1 0 0 0
40.32 175.591 0.017381 59.222 9.762 0 1 0 0 0
40.36 162.073 0.017030 55.987 10.948 0 1 0 0 0
40.40 150.152 0.008488 49.234 7.186 0 1 0 0 0
40.44 141.853 0.008167 54.616 7.795 0 1 0 0 0
40.48 131.939 0.011503 54.379 9.149 0 1 0 0 0
40.52 133.655 0.010946 50.942 8.486 0 1 0 0 0
40.56 134.624 0.003748 37.024 4.111 0 1 0 0 0
40.60 135.594 0.001057 26.993 2.087 0 1 0 0 0
40.64 136.564 0.000462 28.417 1.876 0 1 0 0 0
40.68 137.534 0.000616 28.933 2.001 0 1 0 0 0
40.72 138.504 0.000612 30.702 2.238 0 1 0 0 0
40.76 139.474 0.000676 31.568 2.471 0 1 0 0 0
40.80 140.444 0.001491 36.951 2.603 0 1 0 0 0
40.84 141.414 0.001500 35.836 2.572 0 1 0 0 0
40.88 142.384 0.001300 35.721 2.474 0 1 0 0 0
40.92 143.354 0.001056 35.883 2.492 0 1 0 0 0
40.96 144.323 0.001179 35.071 2.497 0 1 0 0 0
41.00 145.293 0.000903 33.018 2.545 0 1 0 0 0
41.04 146.263 0.001045 32.502 2.532 0 1 0 0 0
41.08 147.233 0.000943 33.259 2.402 0 1 0 0 0
41.12 148.203 0.000376 27.529 1.906 0 1 0 0 0
41.16 149.397 0.003475 52.275 2.921 0 1 0 0 0
41.20 152.237 0.019813 62.672 9.536 0 1 0 0 0
41.24 157.109 0.027128 59.564 14.588 0 1 0 0 0
41.28 158.594 0.005940 44.220 4.784 0 1 0 0 0
41.32 159.434 0.003108 43.183 5.984 0 1 0 0 0
41.36 160.274 0.002342 41.813 5.805 0 1 0 0 0
41.40 161.308 0.004650 54.562 6.333 0 1 0 0 0
41.44 161.513 0.029708 65.315 11.335 0 1 0 0 0
41.48 157.831 0.029374 59.864 14.305 0 1 0 0 0
41.52 157.553 0.010210 51.786 11.581 0 1 0 0 0
41.56 157.360 0.008467 56.151 11.612 0 1 0 0 0
41.60 155.243 0.030026 66.159 16.516 0 1 0 0 0
41.64 147.288 0.040081 64.377 20.152 0 1 0 0 0
41.68 141.615 0.030659 60.281 17.039 0 1 0 0 0
41.72 141.793 0.012640 50.722 9.101 0 1 0 0 0
41.76 141.893 0.005612 46.409 5.705 0 1 0 0 0
41.80 141.993 0.002633 33.961 3.272 0 1 0 0 0
41.84 142.117 0.001010 39.555 2.470 0 1 0 0 0
41.88 140.807 0.012391 61.630 6.163 0 1 0 0 0
41.92 137.315 0.040612 63.840 16.578 0 1 0 0 0
41.96 142.568 0.016546 46.523 9.874 0 1 0 0 0
42.00 145.538 0.002575 39.256 5.673 0 1 0 0 0
42.04 148.508 0.001955 40.146 5.516 0 1 0 0 0
42.08 152.166 0.002727 48.687 5.529 0 1 0 0 0
42.12 153.503 0.019152 60.446 8.798 0 1 0 0 0
42.16 139.544 0.014141 52.280 8.451 0 1 0 0 0
42.20 129.658 0.011017 56.188 9.069 0 1 0 0 0
42.24 132.892 0.012888 46.798 6.478 0 1 0 0 0
42.28 134.721 0.002463 33.244 2.706 0 1 0 0 0
42.32 136.549 0.001784 39.846 4.070 0 1 0 0 0
42.36 138.378 0.002664 47.306 4.159 0 1 0 0 0
42.40 140.206 0.011274 55.862 6.735 0 1 0 0 0
42.44 142.034 0.009967 51.211 8.565 0 1 0 0 0
42.48 144.286 0.005694 50.239 8.135 0 1 0 0 0
42.52 146.000 0.016759 61.439 11.170 0 1 0 0 0
42.56 141.060 0.021167 60.267 14.490 0 1 0 0 0
42.60 136.853 0.018961 53.772 13.124 0 1 0 0 0
42.64 137.233 0.002765 38.738 3.810 0 1 0 0 0
42.68 137.447 0.002197 42.575 2.671 0 1 0 0 0
42.72 137.662 0.002877 42.133 2.456 0 1 0 0 0
42.76 137.876 0.002305 42.031 2.653 0 1 0 0 0
42.80 138.091 0.004039 46.673 4.030 0 1 0 0 0
42.84 138.305 0.003984 45.857 4.717 0 1 0 0 0
42.88 138.520 0.004152 46.021 4.841 0 1 0 0 0
42.92 138.734 0.003965 43.547 4.438 0 1 0 0 0
42.96 138.949 0.001670 31.570 2.529 0 1 0 0 0
43.00 139.163 0.000551 22.784 1.856 0 1 0 0 0
43.04 139.378 0.000240 20.207 1.743 0 1 0 0 0
43.08 139.592 0.000175 19.892 1.678 0 1 0 0 0
43.12 139.806 0.000814 33.569 1.692 0 1 0 0 0
43.16 140.021 0.000401 25.351 1.623 1 0 0 0 0
43.20 140.235 0.000193 18.814 1.606 1 0 0 0 0
43.24 140.450 0.000170 19.403 1.602 1 0 0 0 0
43.28 140.664 0.000205 21.346 1.601 1 0 0 0 0
43.32 140.879 0.000233 20.783 1.601 1 0 0 0 0
43.36 141.093 0.000161 17.751 1.601 1 0 0 0 0
43.40 141.308 0.000168 18.935 1.601 1 0 0 0 0
43.44 141.522 0.000152 17.916 1.601 1 0 0 0 0
43.48 141.737 0.000149 18.504 1.601 1 0 0 0 0
43.52 141.951 0.000189 21.064 1.609 1 0 0 0 0
43.56 142.166 0.000270 23.762 1.639 1 0 0 0 0
43.60 142.380 0.000352 27.698 1.628 1 0 0 0 0
43.64 142.595 0.000333 24.240 1.623 1 0 0 0 0
43.68 142.809 0.000262 22.053 1.610 1 0 0 0 0
43.72 143.023 0.000220 19.193 1.605 1 0 0 0 0
43.76 143.238 0.000139 16.153 1.602 1 0 0 0 0
43.80 143.452 0.000127 17.310 1.602 1 0 0 0 0
43.84 143.667 0.000189 21.066 1.603 1 0 0 0 0
43.88 143.881 0.000157 17.473 1.604 1 0 0 0 0
43.92 144.096 0.000175 18.957 1.603 1 0 0 0 0
43.96 144.310 0.000162 18.880 1.601 1 0 0 0 0
44.00 144.525 0.000810 29.456 1.601 1 0 0 0 0
44.04 144.739 0.000191 15.929 1.600 1 0 0 0 0
44.08 144.954 0.000164 17.922 1.601 1 0 0 0 0
44.12 145.168 0.000229 21.194 1.600 1 0 0 0 0
44.16 145.383 0.000261 25.506 1.600 1 0 0 0 0
44.20 145.597 0.000357 23.785 1.600 1 0 0 0 0
44.24 145.812 0.000271 22.238 1.600 1 0 0 0 0
44.28 146.026 0.000242 21.337 1.600 1 0 0 0 0
44.32 146.240 0.000157 17.268 1.600 1 0 0 0 0
44.36 146.455 0.000158 17.227 1.602 1 0 0 0 0
44.40 146.669 0.000132 16.225 1.602 1 0 0 0 0
44.44 146.884 0.000125 15.099 1.602 1 0 0 0 0
44.48 147.098 0.000120 16.718 1.601 1 0 0 0 0
44.52 147.313 0.000220 23.141 1.604 1 0 0 0 0
44.56 147.527 0.000198 20.232 1.602 1 0 0 0 0
44.60 147.742 0.000343 20.048 1.613 1 0 0 0 0
44.64 147.956 0.000192 19.133 1.649 1 0 0 0 0
44.68 148.171 0.000159 17.786 1.639 1 0 0 0 0
44.72 148.385 0.000193 19.099 1.610 1 0 0 0 0
44.76 148.600 0.000168 17.939 1.603 1 0 0 0 0
44.80 148.814 0.000199 21.800 1.601 1 0 0 0 0
44.84 149.029 0.000514 29.523 1.601 1 0 0 0 0
44.88 149.243 0.000349 22.903 1.601 1 0 0 0 0
44.92 149.458 0.000297 22.109 1.601 1 0 0 0 0
44.96 149.672 0.000242 21.850 1.601 1 0 0 0 0
45.00 149.886 0.000367 26.313 1.601 1 0 0 0 0
45.04 150.101 0.000347 22.775 1.601 1 0 0 0 0
45.08 150.315 0.000175 15.590 1.600 1 0 0 0 0
45.12 150.530 0.000145 15.191 1.600 1 0 0 0 0
45.16 150.744 0.000132 17.448 1.600 1 0 0 0 0
45.20 150.959 0.000164 20.696 1.601 1 0 0 0 0
45.24 151.173 0.000321 26.965 1.600 1 0 0 0 0
45.28 151.388 0.000784 32.681 1.605 1 0 0 0 0
45.32 151.602 0.002017 35.225 1.602 1 0 0 0 0
45.36 151.817 0.000478 27.177 1.601 1 0 0 0 0
45.40 152.031 0.000303 24.922 1.600 1 0 0 0 0
45.44 152.246 0.000248 23.355 1.600 1 0 0 0 0
45.48 152.460 0.000280 24.679 1.600 1 0 0 0 0
45.52 152.675 0.000257 23.433 1.603 1 0 0 0 0
45.56 152.889 0.000214 22.083 1.606 1 0 0 0 0
45.60 153.103 0.000675 16.644 1.910 1 0 0 0 0
45.64 153.318 0.000141 18.436 1.676 1 0 0 0 0
45.68 153.532 0.000313 28.550 1.841 1 0 0 0 0
45.72 153.747 0.002622 30.429 3.124 1 0 0 0 0
45.76 153.961 0.000231 16.054 1.904 1 0 0 0 0
45.80 154.176 0.000144 16.811 1.672 1 0 0 0 0
45.84 154.390 0.000153 16.603 1.618 1 0 0 0 0
45.88 154.605 0.000111 14.471 1.606 1 0 0 0 0
45.92 154.819 0.000132 15.307 1.602 1 0 0 0 0
45.96 155.034 0.000176 19.169 1.601 1 0 0 0 0
46.00 155.248 0.000212 18.772 1.600 1 0 0 0 0
46.04 155.463 0.000184 17.684 1.600 1 0 0 0 0
46.08 155.677 0.000186 18.481 1.600 1 0 0 0 0
46.12 155.892 0.000191 18.870 1.600 1 0 0 0 0
46.16 156.106 0.000189 20.190 1.600 1 0 0 0 0
46.20 156.321 0.000173 20.458 1.601 1 0 0 0 0
46.24 156.535 0.000195 20.791 1.600 1 0 0 0 0
46.28 156.749 0.000203 22.666 1.627 0 1 0 0 0
46.32 156.964 0.000506 29.137 1.886 0 1 0 0 0
46.36 157.178 0.000411 25.096 2.033 0 1 0 0 0
46.40 157.393 0.000478 29.507 2.087 0 1 0 0 0
46.44 157.607 0.000298 21.836 2.071 0 1 0 0 0
46.48 157.822 0.000246 21.516 1.976 0 1 0 0 0
46.52 158.036 0.000235 22.625 1.873 0 1 0 0 0
46.56 158.251 0.000422 30.648 1.722 0 1 0 0 0
46.60 158.465 0.002460 47.990 2.475 0 1 0 0 0
46.64 158.680 0.010133 54.092 5.938 0 1 0 0 0
46.68 158.944 0.008086 53.985 9.517 0 1 0 0 0
46.72 158.767 0.018512 60.911 13.054 0 1 0 0 0
46.76 156.099 0.018235 55.972 12.391 0 1 0 0 0
46.80 153.321 0.010992 53.799 10.480 0 1 0 0 0
46.84 155.780 0.010710 52.432 11.441 0 1 0 0 0
46.88 158.859 0.004296 43.208 4.032 0 1 0 0 0
46.92 161.003 0.008025 59.747 6.962 0 1 0 0 0
46.96 162.427 0.064322 71.239 20.516 0 1 0 0 0
47.00 156.091 0.046957 64.305 23.050 0 1 0 0 0
47.04 147.776 0.017765 49.266 11.395 0 1 0 0 0
47.08 141.987 0.004075 47.930 6.562 0 1 0 0 0
47.12 133.972 0.025134 65.462 12.034 0 1 0 0 0
47.16 135.089 0.032262 62.003 16.967 0 1 0 0 0
47.20 144.496 0.023470 60.890 16.908 0 1 0 0 0
47.24 135.434 0.021183 55.878 12.743 0 1 0 0 0
47.28 138.769 0.005964 39.770 4.762 0 1 0 0 0
47.32 141.090 0.005478 54.825 7.695 0 1 0 0 0
47.36 143.442 0.042323 67.314 18.128 0 1 0 0 0
47.40 141.697 0.028890 56.924 16.567 0 1 0 0 0
47.44 143.707 0.017541 62.033 15.808 0 0 0 0 1
47.48 151.601 0.044005 68.860 25.136 0 0 0 0 1
47.52 162.774 0.073010 72.975 34.609 0 0 0 0 1
47.56 179.678 0.118841 76.618 47.187 0 0 0 0 1
47.60 188.484 0.094699 69.005 39.383 0 0 0 0 1
47.64 193.463 0.019048 59.246 22.296 0 0 0 0 1
47.68 198.442 0.017721 56.621 18.299 0 0 0 0 1
47.72 203.421 0.011260 52.492 14.785 0 0 0 0 1
47.76 208.399 0.006983 49.463 11.918 0 0 0 0 1
47.80 213.378 0.005778 47.998 10.387 0 0 0 0 1
47.84 218.357 0.005098 48.515 9.841 0 0 0 0 1
47.88 223.336 0.008792 52.165 11.676 0 0 0 0 1
47.92 229.466 0.009838 58.202 12.370 0 0 0 0 1
47.96 228.489 0.069143 76.013 27.895 0 0 0 0 1
48.00 191.172 0.162891 78.749 53.888 0 0 0 0 1
48.04 166.857 0.152680 75.862 60.557 0 0 0 0 1
48.08 183.574 0.084957 61.071 35.268 0 0 0 0 1
48.12 193.025 0.004359 44.070 11.950 0 0 0 0 1
48.16 202.476 0.005287 48.455 10.257 0 0 0 0 1
48.20 214.114 0.005558 53.490 10.041 0 0 0 0 1
48.24 213.922 0.064072 74.667 26.163 0 0 0 0 1
48.28 157.734 0.111707 75.413 46.487 0 0 0 0 1
48.32 141.257 0.131023 66.587 45.219 0 0 0 0 1
48.36 170.508 0.007907 43.920 13.640 0 0 0 0 1
48.40 187.046 0.003278 43.562 8.001 0 0 0 0 1
48.44 207.409 0.001934 44.242 5.732 0 0 0 0 1
48.48 240.314 0.037851 71.674 15.097 0 0 0 0 1
48.52 256.958 0.085405 74.518 34.640 0 0 0 0 1
48.56 230.075 0.111031 70.466 47.271 0 0 0 0 1
48.60 231.677 0.048667 44.551 16.222 0 0 0 0 1
48.64 232.583 0.002505 38.907 7.335 0 0 0 0 1
48.68 233.488 0.001418 37.696 5.146 0 0 0 0 1
48.72 234.604 0.005236 56.132 5.785 0 0 0 0 1
48.76 241.083 0.052666 71.700 22.360 0 0 0 0 1
48.80 256.606 0.075062 72.933 37.539 0 0 0 0 1
48.84 251.324 0.101660 68.749 45.509 0 0 0 0 1
48.88 248.337 0.011759 42.330 12.542 0 0 0 0 1
48.92 245.351 0.003622 44.901 5.768 0 0 0 0 1
48.96 242.364 0.001537 37.349 3.834 0 0 0 0 1
49.00 238.687 0.002628 41.219 2.824 0 0 0 0 1
49.04 241.547 0.013915 62.487 7.960 0 0 0 0 1
49.08 265.305 0.034678 67.669 20.066 0 0 0 0 1
49.12 261.453 0.065838 66.932 33.468 0 0 0 0 1
49.16 259.275 0.013965 37.065 11.054 0 0 0 0 1
49.20 257.097 0.001193 29.400 4.132 0 0 0 0 1
49.24 254.416 0.000682 34.557 2.548 0 0 0 0 1
49.28 249.293 0.010761 59.744 7.258 0 0 0 0 1
49.32 244.292 0.017956 59.171 12.823 0 0 0 0 1
49.36 258.334 0.019542 62.161 16.594 0 0 0 0 1
49.40 330.452 0.034652 67.255 22.335 0 0 0 0 1
49.44 454.806 0.073581 70.853 30.342 0 0 0 0 1
49.48 458.648 0.026927 54.056 15.712 0 0 0 0 1
49.52 386.113 0.004074 41.189 5.868 0 0 0 0 1
49.56 345.103 0.002374 43.656 5.022 0 0 0 0 1
49.60 294.608 0.006354 56.299 6.539 0 0 0 0 1
49.64 236.771 0.058436 74.598 16.657 0 0 0 0 1
49.68 272.274 0.129629 74.482 38.722 0 0 0 0 1
49.72 323.049 0.064181 63.228 27.979 0 0 0 0 1
49.76 286.174 0.007322 50.440 11.825 0 0 0 0 1
49.80 265.326 0.003923 44.600 9.140 0 0 0 0 1
49.84 239.655 0.003350 48.689 7.855 0 0 0 0 1
49.88 213.769 0.030375 70.386 14.010 0 0 0 0 1
49.92 235.945 0.116162 75.076 40.990 0 0 0 0 1
49.96 242.369 0.085187 58.694 32.801 0 0 0 0 1
50.00 246.001 0.004587 40.228 10.681 0 0 0 0 1
50.04 249.632 0.002141 39.312 6.922 0 0 0 0 1
50.08 253.264 0.001686 37.004 5.651 0 0 0 0 1
50.12 256.896 0.001419 40.136 4.513 0 0 0 0 1
50.16 261.367 0.032437 70.999 13.640 0 0 0 0 1
50.20 266.435 0.079323 71.565 33.912 0 0 0 0 1
50.24 264.465 0.091672 59.465 30.640 0 0 0 0 1
50.28 263.351 0.003422 38.804 8.974 0 0 0 0 1
50.32 262.236 0.001689 36.409 5.488 0 0 0 0 1
50.36 261.122 0.000846 34.663 3.619 0 0 0 0 1
50.40 259.750 0.004905 54.783 4.627 0 0 0 0 1
50.44 265.813 0.037356 69.138 16.675 0 0 0 0 1
50.48 292.428 0.057926 66.846 31.288 0 0 0 0 1
50.52 295.372 0.043272 45.261 16.119 0 0 0 0 1
50.56 297.036 0.002055 36.682 6.442 0 0 0 0 1
50.60 298.700 0.001228 32.853 4.078 0 0 0 0 1
50.64 300.364 0.000872 36.291 2.985 0 0 0 0 1
50.68 302.413 0.006696 55.668 4.478 0 0 0 0 1
50.72 309.042 0.020208 64.349 12.848 0 0 0 0 1
50.76 322.968 0.047854 65.386 26.492 0 0 0 0 1
50.80 324.500 0.027100 40.512 12.158 0 0 0 0 1
50.84 325.366 0.001545 31.729 4.503 0 0 0 0 1
50.88 326.232 0.000742 27.755 2.610 0 0 0 0 1
50.92 327.098 0.000483 30.902 1.968 0 0 0 0 1
50.96 328.164 0.005240 54.980 4.599 0 0 0 0 1
51.00 326.201 0.021816 61.226 12.236 0 0 0 0 1
51.04 313.603 0.025941 45.769 12.132 0 0 0 0 1
51.08 306.481 0.001644 33.255 4.480 0 0 0 0 1
51.12 299.359 0.000518 27.133 2.428 0 0 0 0 1
51.16 292.237 0.000574 33.197 1.916 0 0 0 0 1
51.20 283.467 0.002535 48.470 2.685 0 0 0 0 1
51.24 273.853 0.015390 60.993 9.403 0 0 0 0 1
51.28 278.961 0.035046 52.059 13.935 0 0 0 0 1
51.32 281.849 0.001584 31.701 4.460 0 0 0 0 1
51.36 284.737 0.000711 32.396 2.361 0 0 0 0 1
51.40 287.624 0.001532 41.405 2.592 0 0 0 0 1
51.44 290.512 0.004220 42.400 2.747 0 0 0 0 1
51.48 293.400 0.001668 35.679 2.178 0 0 0 0 1
51.52 296.288 0.001288 35.923 2.078 0 0 0 0 1
51.56 299.176 0.001081 35.010 2.348 0 0 0 0 1
51.60 302.064 0.002588 38.733 2.613 0 0 0 0 1
51.64 305.620 0.001678 41.652 2.937 0 0 0 0 1
51.68 306.260 0.012304 61.396 6.415 0 0 0 0 1
51.72 283.064 0.027656 63.173 14.816 0 0 0 0 1
51.76 242.422 0.028259 62.783 17.766 0 0 0 0 1
51.80 218.576 0.024821 57.425 16.822 0 0 0 0 1
51.84 199.281 0.020009 62.185 18.248 0 0 0 0 1
51.88 198.772 0.032413 65.953 21.955 0 0 0 0 1
51.92 213.798 0.072455 64.285 23.370 0 0 0 0 1
51.96 230.752 0.025491 60.873 17.362 0 0 0 0 1
52.00 218.478 0.006207 40.343 6.617 0 0 0 0 1
52.04 209.933 0.003453 53.479 7.141 0 0 0 0 1
52.08 203.096 0.150692 74.670 20.434 0 0 0 0 1
52.12 219.665 0.018188 53.906 10.919 0 0 0 0 1
52.16 231.112 0.029982 63.702 20.192 0 0 0 0 1
52.20 226.181 0.025249 44.197 11.325 0 0 0 0 1
52.24 223.392 0.000787 31.588 4.584 0 0 0 0 1
52.28 220.604 0.001326 36.825 4.485 0 0 0 0 1
52.32 217.171 0.001708 41.914 4.907 0 0 0 0 1
52.36 211.879 0.009883 61.103 7.371 0 0 0 0 1
52.40 209.729 0.051295 63.864 22.328 0 0 0 0 1
52.44 214.278 0.006202 36.761 8.116 0 0 0 0 1
52.48 216.850 0.001197 35.920 4.722 0 0 0 0 1
52.52 219.422 0.001505 38.262 4.598 0 0 0 0 1
52.56 222.588 0.001393 40.967 3.971 0 0 0 0 1
52.60 240.797 0.021775 66.103 11.100 0 0 0 0 1
52.64 307.356 0.043600 69.097 23.269 0 0 0 0 1
52.68 364.464 0.067235 65.913 32.453 0 0 0 0 1
52.72 339.028 0.004789 39.643 8.493 0 0 0 0 1
52.76 324.647 0.002005 36.836 4.696 0 0 0 0 1
52.80 310.265 0.001050 31.602 3.007 0 0 0 0 1
52.84 292.558 0.001372 44.144 2.727 0 0 0 0 1
52.88 272.093 0.018465 64.671 10.336 0 0 0 0 1
52.92 277.628 0.045912 60.373 20.072 0 0 0 0 1
52.96 277.892 0.002645 39.217 6.461 0 0 0 0 1
53.00 278.042 0.001311 34.630 3.522 0 0 0 0 1
53.04 278.191 0.001063 34.273 2.521 0 0 0 0 1
53.08 278.375 0.003351 51.709 3.418 0 0 0 0 1
53.12 278.809 0.025066 66.071 12.617 0 0 0 0 1
53.16 279.158 0.043620 61.357 23.853 0 0 0 0 1
53.20 277.895 0.005873 33.953 7.286 0 0 0 0 1
53.24 277.181 0.000780 31.446 3.235 0 0 0 0 1
53.28 276.301 0.001735 44.158 2.883 0 0 0 0 1
53.32 277.983 0.009994 58.828 7.024 0 0 0 0 1
53.36 286.046 0.027075 63.085 14.403 0 0 0 0 1
53.40 281.553 0.022723 48.366 11.004 0 0 0 0 1
53.44 279.012 0.001292 29.074 3.963 0 0 0 0 1
53.48 276.472 0.000524 31.269 2.066 0 0 0 0 1
53.52 273.931 0.002473 41.454 3.021 0 0 0 0 1
53.56 271.390 0.000625 24.814 2.253 0 0 0 0 1
53.60 268.850 0.000484 26.655 1.793 0 0 0 0 1
53.64 266.309 0.000425 29.077 1.706 0 0 0 0 1
53.68 263.769 0.001947 40.031 2.908 0 0 0 0 1
53.72 261.228 0.001141 23.493 2.100 0 0 0 0 1
53.76 258.100 0.000479 34.633 1.993 0 0 0 0 1
53.80 250.912 0.011473 60.283 7.453 0 0 1 0 0
53.84 238.998 0.020194 60.278 14.395 0 0 1 0 0
53.88 240.038 0.018508 60.191 17.878 0 0 1 0 0
53.92 260.924 0.024397 63.257 20.042 0 0 1 0 0
53.96 284.956 0.035824 66.867 24.792 0 0 1 0 0
54.00 298.543 0.039395 60.746 24.624 0 0 1 0 0
54.04 312.130 0.015067 43.641 9.790 0 0 1 0 0
54.08 325.717 0.003083 46.000 7.610 0 0 1 0 0
54.12 342.447 0.005983 53.718 9.995 0 0 1 0 0
54.16 357.897 0.031973 67.781 15.412 0 0 1 0 0
54.20 327.068 0.044928 57.941 15.619 0 0 1 0 0
54.24 271.924 0.005106 46.265 4.420 0 0 1 0 0
54.28 225.297 0.026570 68.207 10.045 0 0 1 0 0
54.32 211.325 0.075114 72.172 27.847 0 0 1 0 0
54.36 213.900 0.064531 65.822 32.483 0 0 1 0 0
54.40 222.377 0.012264 47.498 13.684 0 0 1 0 0
54.44 228.279 0.004205 49.243 9.716 0 0 1 0 0
54.48 231.310 0.014494 63.397 11.251 0 0 1 0 0
54.52 211.708 0.052388 68.213 19.363 0 0 1 0 0
54.56 194.485 0.037580 59.799 17.532 0 0 1 0 0
54.60 195.444 0.010591 58.092 13.696 0 0 1 0 0
54.64 203.376 0.051170 70.845 24.860 0 0 1 0 0
54.68 232.270 0.057710 66.587 29.712 0 0 1 0 0
54.72 270.833 0.038994 57.540 18.959 0 0 1 0 0
54.76 258.750 0.008105 45.170 8.863 0 0 1 0 0
54.80 251.918 0.004531 48.577 8.159 0 0 1 0 0
54.84 243.506 0.007257 54.148 9.696 0 0 1 0 0
54.88 230.290 0.015640 63.251 13.274 0 0 1 0 0
54.92 221.331 0.068539 72.117 24.546 0 0 1 0 0
54.96 223.153 0.063292 69.111 28.056 0 0 1 0 0
55.00 228.595 0.047826 62.643 21.946 0 0 1 0 0
55.04 228.580 0.015127 44.053 8.610 0 0 1 0 0
55.08 228.571 0.000733 28.989 3.250 0 0 1 0 0
55.12 228.563 0.000685 28.936 2.556 0 0 1 0 0
55.16 228.555 0.000485 27.341 2.238 0 0 1 0 0
55.20 228.546 0.001361 31.160 1.989 0 0 1 0 0
55.24 228.538 0.000604 28.082 1.833 0 0 1 0 0
55.28 228.530 0.001172 36.804 1.964 0 0 1 0 0
55.32 228.519 0.002708 49.413 3.617 0 0 1 0 0
55.36 225.081 0.017160 60.771 10.190 0 0 1 0 0
55.40 209.818 0.024903 64.613 16.786 0 0 1 0 0
55.44 199.967 0.042392 68.131 24.282 0 0 1 0 0
55.48 207.714 0.073764 61.134 22.878 0 0 1 0 0
55.52 198.771 0.005972 48.928 10.467 0 0 1 0 0
55.56 193.716 0.007566 45.272 6.529 0 0 1 0 0
55.60 187.490 0.022431 66.876 11.253 0 0 1 0 0
55.64 182.771 0.053274 68.522 23.890 0 0 1 0 0
55.68 194.444 0.035627 50.926 15.337 0 0 1 0 0
55.72 201.045 0.002653 43.432 5.089 0 0 1 0 0
55.76 209.171 0.012791 61.409 10.060 0 0 1 0 0
55.80 222.732 0.036614 68.258 16.955 0 0 1 0 0
55.84 246.152 0.044059 64.674 22.775 0 0 1 0 0
55.88 283.859 0.020628 54.076 14.674 0 0 1 0 0
55.92 274.588 0.004325 44.800 7.175 0 0 1 0 0
55.96 268.133 0.005199 50.541 6.934 0 0 1 0 0
56.00 274.652 0.010814 54.283 9.268 0 0 1 0 0
56.04 337.681 0.006436 52.545 7.949 0 0 1 0 0
56.08 355.932 0.056287 72.336 19.104 0 0 1 0 0
56.12 253.060 0.048706 67.514 27.267 0 0 1 0 0
56.16 243.494 0.039162 60.910 21.923 0 0 1 0 0
56.20 238.085 0.012236 50.476 10.810 0 0 1 0 0
56.24 232.677 0.004395 44.559 6.581 0 0 1 0 0
56.28 227.268 0.005036 50.600 6.788 0 0 1 0 0
56.32 220.609 0.008543 57.675 9.346 0 0 1 0 0
56.36 208.802 0.044656 70.596 19.399 0 0 0 1 0
56.40 193.332 0.061584 71.191 33.222 0 0 0 1 0
56.44 176.715 0.067641 68.029 37.538 0 0 0 1 0
56.48 165.691 0.028145 57.632 24.045 0 0 0 1 0
56.52 171.470 0.010781 48.907 9.780 0 0 0 1 0
56.56 174.737 0.001902 42.792 4.772 0 0 0 1 0
56.60 178.004 0.005771 51.120 7.473 0 0 0 1 0
56.64 181.271 0.008002 53.059 9.587 0 0 0 1 0
56.68 185.294 0.010147 55.185 12.016 0 0 0 1 0
56.72 188.226 0.014675 57.992 14.368 0 0 0 1 0
56.76 176.064 0.023279 62.907 17.966 0 0 0 1 0
56.80 161.499 0.035613 60.207 18.098 0 0 0 1 0
56.84 172.069 0.005533 54.195 7.671 0 0 0 1 0
56.88 178.045 0.062410 67.450 23.456 0 0 0 1 0
56.92 184.021 0.029676 46.928 13.262 0 0 0 1 0
56.96 189.997 0.003621 46.096 8.818 0 0 0 1 0
57.00 197.355 0.004918 52.867 8.362 0 0 0 1 0
57.04 206.608 0.044165 73.250 16.703 0 0 0 1 0
57.08 206.859 0.106620 69.104 37.045 0 0 0 1 0
57.12 207.001 0.050588 46.719 15.248 0 0 0 1 0
57.16 207.143 0.003227 43.823 8.615 0 0 0 1 0
57.20 207.285 0.003747 48.037 7.867 0 0 0 1 0
57.24 207.427 0.005650 63.577 9.796 0 0 0 1 0
57.28 207.569 0.132749 73.071 36.871 0 0 0 1 0
57.32 207.711 0.033841 45.842 15.593 0 0 0 1 0
57.36 207.853 0.003918 45.971 9.153 0 0 0 1 0
57.40 207.995 0.004329 45.845 8.457 0 0 0 1 0
57.44 208.137 0.003802 44.320 7.541 0 0 0 1 0
57.48 208.279 0.003365 44.799 7.022 0 0 0 1 0
57.52 208.421 0.003228 44.011 6.973 0 0 0 1 0
57.56 208.563 0.002951 44.599 6.828 0 0 0 1 0
57.60 208.738 0.003726 48.897 6.903 0 0 0 1 0
57.64 212.652 0.037895 71.868 13.664 0 0 0 1 0
57.68 226.575 0.151418 78.374 43.874 0 0 0 1 0
57.72 232.844 0.100721 68.456 50.332 0 0 0 1 0
57.76 236.388 0.035567 37.782 12.870 0 0 0 1 0
57.80 239.933 0.001040 32.407 5.184 0 0 0 1 0
57.84 243.477 0.000887 36.879 3.930 0 0 0 1 0
57.88 247.841 0.004110 59.435 5.005 0 0 0 1 0
57.92 253.988 0.074830 75.333 24.641 0 0 0 1 0
57.96 253.274 0.105101 70.063 47.152 0 0 0 1 0
58.00 241.679 0.046124 42.613 15.464 0 0 0 1 0
58.04 235.123 0.000938 29.407 5.221 0 0 0 1 0
58.08 227.050 0.000545 32.631 3.210 0 0 0 1 0
58.12 220.491 0.017082 66.562 6.458 0 0 0 1 0
58.16 234.429 0.062964 72.903 23.874 0 0 0 1 0
58.20 240.852 0.086284 62.872 34.499 0 0 0 1 0
58.24 236.918 0.002635 28.034 6.393 0 0 0 1 0
58.28 234.693 0.000566 27.421 3.391 0 0 0 1 0
58.32 232.469 0.000489 27.398 2.605 0 0 0 1 0
58.36 229.730 0.000494 42.594 2.589 0 0 0 1 0
58.40 224.080 0.030586 68.604 11.884 0 0 0 1 0
58.44 217.044 0.059475 58.969 21.323 0 0 0 1 0
58.48 218.470 0.001284 30.063 4.763 0 0 0 1 0
58.52 219.276 0.000618 36.607 2.540 0 0 0 1 0
58.56 220.082 0.003888 35.354 1.885 0 0 0 1 0
58.60 220.888 0.000518 27.330 1.752 0 0 0 1 0
58.64 221.694 0.000532 28.669 1.695 0 0 0 1 0
58.68 222.500 0.000702 31.342 2.049 0 0 0 1 0
58.72 223.306 0.000763 22.888 1.838 0 0 0 1 0
58.76 224.298 0.000336 33.269 1.827 0 0 0 1 0
58.80 230.259 0.027927 69.388 9.220 0 0 1 0 0
58.84 248.948 0.039371 66.952 21.111 0 0 1 0 0
58.88 280.192 0.037806 61.247 22.952 0 0 1 0 0
58.92 372.199 0.015502 56.623 18.585 0 0 1 0 0
58.96 425.133 0.016727 63.067 19.027 0 0 1 0 0
59.00 326.236 0.075659 70.925 32.921 0 0 1 0 0
59.04 192.621 0.029583 55.896 20.741 0 0 1 0 0
59.08 187.040 0.017174 52.183 9.434 0 0 1 0 0
59.12 183.884 0.011600 53.949 9.505 0 0 1 0 0
59.16 179.999 0.010637 55.509 11.396 0 0 1 0 0
59.20 172.374 0.027518 67.342 14.837 0 0 1 0 0
59.24 161.818 0.058829 66.853 24.312 0 0 1 0 0
59.28 157.223 0.025836 57.048 18.984 0 0 1 0 0
59.32 157.621 0.012945 56.412 14.083 0 0 1 0 0
59.36 161.082 0.029606 67.937 17.883 0 0 1 0 0
59.40 162.749 0.073248 73.348 30.539 0 0 1 0 0
59.44 163.790 0.084136 72.731 39.383 0 0 1 0 0
59.48 166.653 0.082488 66.896 37.556 0 0 1 0 0
59.52 172.630 0.019269 48.647 12.855 0 0 1 0 0
59.56 176.791 0.003880 52.846 5.825 0 0 1 0 0
59.60 182.405 0.060579 74.994 18.238 0 0 1 0 0
59.64 183.247 0.127068 73.034 33.242 0 0 1 0 0
59.68 181.141 0.036921 60.263 21.822 0 0 1 0 0
59.72 179.950 0.009843 45.535 12.341 0 0 1 0 0
59.76 178.759 0.002234 32.583 3.860 0 0 1 0 0
59.80 177.292 0.008106 59.835 7.569 0 0 1 0 0
59.84 172.605 0.050029 69.727 20.776 0 0 1 0 0
59.88 162.073 0.073062 69.457 31.219 0 0 1 0 0
59.92 158.894 0.030820 61.850 24.669 0 0 0 1 0
59.96 159.479 0.031345 65.981 25.239 0 0 0 1 0
60.00 157.479 0.054337 70.202 31.948 0 0 0 1 0
60.04 154.096 0.071326 72.458 37.287 0 0 0 1 0
60.08 150.834 0.082028 71.747 38.279 0 0 0 1 0
60.12 147.487 0.075846 70.548 36.522 0 0 0 1 0
60.16 151.231 0.051081 55.507 22.597 0 0 0 1 0
60.20 169.077 0.003695 32.956 5.135 0 0 0 1 0
60.24 181.500 0.003863 49.883 4.614 0 0 0 1 0
60.28 198.887 0.010007 58.449 8.305 0 0 0 1 0
60.32 211.856 0.022869 64.245 14.462 0 0 0 1 0
60.36 259.856 0.046060 68.313 21.119 0 0 0 1 0
60.40 370.563 0.048175 67.473 24.163 0 0 0 1 0
60.44 445.192 0.055130 57.585 23.080 0 0 0 1 0
60.48 405.150 0.006161 38.457 5.341 0 0 0 1 0
60.52 382.511 0.043846 68.649 13.434 0 0 0 1 0
60.56 359.871 0.032426 50.415 10.852 0 0 0 1 0
60.60 337.232 0.002435 39.565 6.644 0 0 0 1 0
60.64 314.593 0.002433 43.623 6.191 0 0 0 1 0
60.68 286.718 0.006304 58.127 7.333 0 0 0 1 0
60.72 252.643 0.068918 74.225 25.891 0 0 0 1 0
60.76 251.722 0.103402 69.961 43.451 0 0 0 1 0
60.80 238.908 0.034102 46.094 16.230 0 0 0 1 0
60.84 231.663 0.002914 41.411 7.671 0 0 0 1 0
60.88 224.419 0.002140 39.561 5.795 0 0 0 1 0
60.92 215.499 0.001535 44.019 4.594 0 0 0 1 0
60.96 208.845 0.045118 72.659 18.691 0 0 0 1 0
61.00 223.146 0.089541 70.042 38.249 0 0 0 1 0
61.04 220.850 0.051760 49.847 18.948 0 0 0 1 0
61.08 219.551 0.002914 37.981 6.721 0 0 0 1 0
61.12 218.253 0.000824 30.355 3.711 0 0 0 1 0
61.16 216.654 0.000710 35.678 2.721 0 0 0 1 0
61.20 232.026 0.012453 62.716 7.462 0 0 0 1 0
61.24 286.987 0.034779 62.163 17.925 0 0 0 1 0
61.28 276.413 0.005306 35.371 6.632 0 0 0 1 0
61.32 270.434 0.000843 29.351 3.486 0 0 0 1 0
61.36 264.455 0.000641 31.965 2.959 0 0 0 1 0
61.40 257.093 0.001719 50.129 3.287 0 0 0 1 0
61.44 247.008 0.038989 68.427 15.166 0 0 0 1 0
61.48 243.594 0.050430 56.817 19.791 0 0 0 1 0
61.52 241.663 0.001745 36.715 6.194 0 0 0 1 0
61.56 239.733 0.001542 37.084 4.308 0 0 0 1 0
61.60 237.356 0.001033 36.949 3.336 0 0 0 1 0
61.64 239.692 0.007140 58.902 5.201 0 0 0 1 0
61.68 255.470 0.038286 66.712 17.312 0 0 0 1 0
61.72 248.393 0.048321 52.441 17.146 0 0 0 1 0
61.76 244.393 0.001126 29.528 4.926 0 0 0 1 0
61.80 240.392 0.000429 24.393 2.863 0 0 0 1 0
61.84 236.391 0.000366 31.168 2.170 0 0 0 1 0
61.88 231.465 0.004821 55.951 3.771 0 0 0 1 0
61.92 224.281 0.024835 61.359 13.264 0 0 0 1 0
61.96 220.331 0.009841 38.160 5.333 0 0 0 1 0
62.00 218.098 0.000744 27.711 2.628 0 0 0 1 0
62.04 215.865 0.000489 28.178 2.021 0 0 0 1 0
62.08 213.632 0.000429 35.131 1.999 0 0 0 1 0
62.12 211.398 0.007986 56.518 6.010 0 0 0 1 0
62.16 209.165 0.021213 51.333 10.582 0 0 0 1 0
62.20 206.932 0.001078 24.914 3.235 0 0 0 1 0
62.24 204.699 0.000275 22.570 2.009 0 0 0 1 0
62.28 202.465 0.000259 25.162 1.733 0 0 0 1 0
62.32 199.716 0.002023 47.127 2.492 0 0 0 1 0
62.36 196.893 0.009323 53.292 6.428 0 0 0 1 0
62.40 199.228 0.005662 39.253 3.964 0 0 0 1 0
62.44 200.548 0.002922 42.725 2.253 0 0 0 1 0
62.48 201.868 0.006351 45.133 2.111 0 0 0 1 0
62.52 203.188 0.001809 37.629 2.062 0 0 0 1 0
62.56 204.509 0.001752 34.565 1.757 0 0 0 1 0
62.60 205.829 0.000992 36.246 1.790 0 0 0 1 0
62.64 207.149 0.001036 33.254 1.777 0 0 0 1 0
62.68 208.469 0.000749 30.985 1.796 0 0 0 1 0
62.72 209.789 0.000647 30.633 1.874 0 0 0 1 0
62.76 211.110 0.000406 25.506 1.948 0 0 0 1 0
62.80 212.430 0.000304 24.366 2.010 0 0 0 1 0
62.84 213.750 0.000554 27.280 1.978 0 0 0 1 0
62.88 215.070 0.000307 25.344 1.851 0 0 0 1 0
62.92 216.391 0.000701 32.388 1.808 0 0 0 1 0
62.96 217.711 0.000490 32.162 2.098 0 0 0 1 0
63.00 219.031 0.003259 37.969 3.980 0 0 0 1 0
63.04 220.351 0.000464 29.033 2.509 0 0 0 1 0
63.08 221.977 0.001680 52.734 3.812 1 0 0 0 0
63.12 219.742 0.038347 65.383 12.520 1 0 0 0 0
63.16 205.569 0.029551 60.463 16.989 1 0 0 0 0
