time pitch RMS intensity loudness noLaugh smallLaugh bigLaugh laughingAndSpeaking noGeste prep stroke retract
0.04 0 0 1.348 1.600 1 0 0 0 1 0 0 0
0.08 0 0.000130 18.542 1.600 1 0 0 0 1 0 0 0
0.12 0 0.000130 16.521 1.627 1 0 0 0 1 0 0 0
0.16 0 0.000124 16.212 1.679 1 0 0 0 1 0 0 0
0.20 0 0.000154 17.687 1.736 1 0 0 0 1 0 0 0
0.24 0 0.000122 15.312 1.650 1 0 0 0 1 0 0 0
0.28 0 0.000127 15.308 1.631 1 0 0 0 1 0 0 0
0.32 0 0.000121 15.725 1.608 1 0 0 0 1 0 0 0
0.36 0 0.000131 16.379 1.602 1 0 0 0 1 0 0 0
0.40 0 0.000135 14.167 1.604 1 0 0 0 1 0 0 0
0.44 0 0.000152 16.035 1.601 1 0 0 0 1 0 0 0
0.48 0 0.000166 16.192 1.601 1 0 0 0 1 0 0 0
0.52 0 0.000147 17.226 1.602 1 0 0 0 1 0 0 0
0.56 0 0.000125 14.088 1.601 1 0 0 0 1 0 0 0
0.60 0 0.000111 15.088 1.601 1 0 0 0 1 0 0 0
0.64 0 0.000131 15.310 1.601 1 0 0 0 1 0 0 0
0.68 0 0.000127 17.320 1.600 1 0 0 0 1 0 0 0
0.72 0 0.000145 15.785 1.602 1 0 0 0 1 0 0 0
0.76 0 0.000108 13.210 1.601 1 0 0 0 1 0 0 0
0.80 0 0.000096 14.187 1.600 1 0 0 0 1 0 0 0
0.84 0 0.000099 13.942 1.600 1 0 0 0 1 0 0 0
0.88 0 0.000103 14.669 1.600 1 0 0 0 1 0 0 0
0.92 0 0.000092 13.238 1.600 1 0 0 0 1 0 0 0
0.96 0 0.000094 13.394 1.600 1 0 0 0 1 0 0 0
1.00 0 0.000095 12.902 1.600 1 0 0 0 1 0 0 0
1.04 0 0.000099 13.766 1.601 1 0 0 0 1 0 0 0
1.08 0 0.000112 13.899 1.601 1 0 0 0 1 0 0 0
1.12 0 0.000109 15.411 1.604 1 0 0 0 1 0 0 0
1.16 0 0.000116 15.598 1.612 1 0 0 0 1 0 0 0
1.20 0 0.000109 15.514 1.623 1 0 0 0 1 0 0 0
1.24 0 0.000141 17.073 1.649 1 0 0 0 1 0 0 0
1.28 0 0.000164 18.467 1.667 1 0 0 0 1 0 0 0
1.32 0 0.000135 16.083 1.652 1 0 0 0 1 0 0 0
1.36 0 0.000140 16.285 1.652 1 0 0 0 1 0 0 0
1.40 0 0.000137 17.023 1.652 1 0 0 0 1 0 0 0
1.44 0 0.000148 18.015 1.643 1 0 0 0 1 0 0 0
1.48 0 0.000155 19.524 1.635 1 0 0 0 1 0 0 0
1.52 0 0.000166 20.193 1.627 1 0 0 0 1 0 0 0
1.56 0 0.000151 17.307 1.614 1 0 0 0 1 0 0 0
1.60 0 0.000102 14.185 1.605 1 0 0 0 1 0 0 0
1.64 0 0.000115 15.354 1.601 1 0 0 0 1 0 0 0
1.68 0 0.000110 15.337 1.605 1 0 0 0 1 0 0 0
1.72 0 0.000112 16.478 1.603 1 0 0 0 1 0 0 0
1.76 0 0.000182 19.658 1.601 1 0 0 0 1 0 0 0
1.80 0 0.000134 15.388 1.604 1 0 0 0 1 0 0 0
1.84 0 0.000121 16.288 1.601 1 0 0 0 1 0 0 0
1.88 0 0.000125 17.078 1.601 1 0 0 0 1 0 0 0
1.92 0 0.000154 17.044 1.630 1 0 0 0 1 0 0 0
1.96 0 0.000161 15.343 1.643 1 0 0 0 1 0 0 0
2.00 0 0.000116 15.579 1.611 1 0 0 0 1 0 0 0
2.04 0 0.000132 18.823 1.603 1 0 0 0 1 0 0 0
2.08 0 0.000198 21.400 1.637 1 0 0 0 1 0 0 0
2.12 0 0.000172 20.575 1.609 1 0 0 0 1 0 0 0
2.16 0 0.000141 18.985 1.603 1 0 0 0 1 0 0 0
2.20 0 0.000135 18.837 1.601 1 0 0 0 1 0 0 0
2.24 0 0.000183 16.433 1.602 1 0 0 0 1 0 0 0
2.28 0 0.000187 15.680 1.601 1 0 0 0 1 0 0 0
2.32 0 0.000120 15.193 1.602 1 0 0 0 1 0 0 0
2.36 0 0.000137 19.153 1.613 1 0 0 0 1 0 0 0
2.40 0 0.000409 27.196 1.824 1 0 0 0 1 0 0 0
2.44 0 0.000330 18.392 1.715 1 0 0 0 1 0 0 0
2.48 0 0.000136 16.750 1.662 1 0 0 0 1 0 0 0
2.52 0 0.000120 15.044 1.616 1 0 0 0 1 0 0 0
2.56 0 0.000136 20.587 1.636 1 0 0 0 1 0 0 0
2.60 0 0.000784 35.654 1.635 1 0 0 0 1 0 0 0
2.64 0 0.000650 26.488 1.630 1 0 0 0 1 0 0 0
2.68 0 0.000616 26.397 1.670 1 0 0 0 1 0 0 0
2.72 0 0.000357 25.756 1.742 1 0 0 0 1 0 0 0
2.76 0 0.000453 26.770 1.773 1 0 0 0 1 0 0 0
2.80 0 0.000441 25.833 1.724 1 0 0 0 1 0 0 0
2.84 0 0.000411 26.599 1.700 1 0 0 0 1 0 0 0
2.88 0 0.000430 28.036 1.723 1 0 0 0 1 0 0 0
2.92 0 0.000544 29.361 1.720 1 0 0 0 1 0 0 0
2.96 0 0.000586 29.128 1.685 1 0 0 0 1 0 0 0
3.00 0 0.000317 23.566 1.645 1 0 0 0 1 0 0 0
3.04 0 0.000337 23.512 1.623 1 0 0 0 1 0 0 0
3.08 0 0.000361 25.851 1.620 1 0 0 0 1 0 0 0
3.12 0 0.000339 25.158 1.642 1 0 0 0 1 0 0 0
3.16 0 0.000294 21.341 1.623 1 0 0 0 1 0 0 0
3.20 0 0.000286 16.477 1.636 1 0 0 0 1 0 0 0
3.24 0 0.000174 20.545 1.610 1 0 0 0 1 0 0 0
3.28 0 0.000292 17.865 1.603 1 0 0 0 1 0 0 0
3.32 0 0.000163 19.899 1.601 1 0 0 0 1 0 0 0
3.36 0 0.000156 31.322 1.656 1 0 0 0 1 0 0 0
3.40 0 0.003106 44.798 4.370 1 0 0 0 1 0 0 0
3.44 0 0.001271 29.756 3.970 1 0 0 0 1 0 0 0
3.48 0 0.000403 23.289 2.649 1 0 0 0 1 0 0 0
3.52 0 0.000361 25.656 2.273 1 0 0 0 1 0 0 0
3.56 0 0.000460 27.847 2.166 1 0 0 0 1 0 0 0
3.60 0 0.000327 23.443 2.152 1 0 0 0 1 0 0 0
3.64 0 0.000346 25.257 2.243 1 0 0 0 1 0 0 0
3.68 0 0.000305 23.951 2.197 1 0 0 0 1 0 0 0
3.72 0 0.000332 24.898 2.247 1 0 0 0 1 0 0 0
3.76 0 0.000344 26.728 2.203 1 0 0 0 1 0 0 0
3.80 0 0.001527 40.679 3.138 1 0 0 0 1 0 0 0
3.84 0 0.001367 29.981 3.265 1 0 0 0 1 0 0 0
3.88 0 0.000388 22.607 2.258 1 0 0 0 1 0 0 0
3.92 0 0.000264 21.373 1.853 1 0 0 0 1 0 0 0
3.96 0 0.000211 20.125 1.722 1 0 0 0 1 0 0 0
4.00 0 0.000247 22.414 1.673 1 0 0 0 1 0 0 0
4.04 0 0.000251 16.443 1.740 1 0 0 0 1 0 0 0
4.08 0 0.000149 17.451 1.687 1 0 0 0 1 0 0 0
4.12 0 0.000126 15.153 1.624 1 0 0 0 1 0 0 0
4.16 0 0.000151 21.041 1.608 1 0 0 0 1 0 0 0
4.20 0 0.001101 39.224 2.752 1 0 0 0 1 0 0 0
4.24 0 0.001153 28.966 3.131 1 0 0 0 1 0 0 0
4.28 0 0.000358 20.855 2.114 1 0 0 0 1 0 0 0
4.32 0 0.000187 21.243 1.780 1 0 0 0 1 0 0 0
4.36 0 0.000297 24.925 1.837 1 0 0 0 1 0 0 0
4.40 0 0.000303 24.117 1.904 1 0 0 0 1 0 0 0
4.44 0 0.000312 23.318 1.914 1 0 0 0 1 0 0 0
4.48 0 0.000269 21.402 1.899 1 0 0 0 1 0 0 0
4.52 0 0.000253 21.359 1.863 1 0 0 0 1 0 0 0
4.56 0 0.000239 21.175 1.837 1 0 0 0 1 0 0 0
4.60 0 0.000190 20.313 1.761 1 0 0 0 1 0 0 0
4.64 0 0.000313 25.529 1.732 1 0 0 0 1 0 0 0
4.68 0 0.001131 39.283 1.992 1 0 0 0 1 0 0 0
4.72 0 0.001395 38.392 2.413 1 0 0 0 1 0 0 0
4.76 0 0.001572 36.082 1.998 1 0 0 0 1 0 0 0
4.80 0 0.000484 19.399 1.695 1 0 0 0 1 0 0 0
4.84 0 0.001279 38.378 3.144 1 0 0 0 1 0 0 0
4.88 0 0.001381 36.341 3.674 1 0 0 0 1 0 0 0
4.92 418.427 0.007566 55.063 5.843 1 0 0 0 1 0 0 0
4.96 421.532 0.009982 52.134 7.344 1 0 0 0 1 0 0 0
5.00 424.536 0.008146 50.380 7.207 1 0 0 0 1 0 0 0
5.04 426.815 0.004345 44.791 5.533 1 0 0 0 1 0 0 0
5.08 429.093 0.002202 38.054 3.751 1 0 0 0 1 0 0 0
5.12 431.371 0.004120 46.276 3.725 1 0 0 0 1 0 0 0
5.16 433.649 0.001260 36.431 3.146 1 0 0 0 1 0 0 0
5.20 435.927 0.000682 30.087 2.618 1 0 0 0 1 0 0 0
5.24 438.206 0.000411 26.833 2.367 1 0 0 0 1 0 0 0
5.28 440.484 0.000304 22.940 2.206 1 0 0 0 1 0 0 0
5.32 442.762 0.000280 21.151 2.017 1 0 0 0 1 0 0 0
5.36 445.040 0.000384 23.131 1.798 1 0 0 0 1 0 0 0
5.40 447.319 0.000141 16.703 1.680 1 0 0 0 1 0 0 0
5.44 449.597 0.000157 17.194 1.662 1 0 0 0 1 0 0 0
5.48 451.875 0.000146 16.989 1.651 1 0 0 0 1 0 0 0
5.52 454.153 0.000161 18.105 1.632 1 0 0 0 1 0 0 0
5.56 456.432 0.000132 15.292 1.619 1 0 0 0 1 0 0 0
5.60 458.710 0.000126 15.954 1.612 1 0 0 0 1 0 0 0
5.64 460.988 0.000125 14.761 1.616 1 0 0 0 1 0 0 0
5.68 463.266 0.000105 14.744 1.604 1 0 0 0 1 0 0 0
5.72 465.544 0.000165 15.029 1.601 1 0 0 0 1 0 0 0
5.76 467.823 0.000097 16.791 1.600 1 0 0 0 1 0 0 0
5.80 470.101 0.000380 23.387 1.601 1 0 0 0 1 0 0 0
5.84 472.379 0.000222 21.955 1.600 1 0 0 0 1 0 0 0
5.88 474.657 0.000242 14.024 1.600 1 0 0 0 1 0 0 0
5.92 476.936 0.000101 13.973 1.602 1 0 0 0 1 0 0 0
5.96 479.214 0.000094 13.844 1.600 1 0 0 0 1 0 0 0
6.00 481.492 0.000215 19.890 1.601 1 0 0 0 1 0 0 0
6.04 483.770 0.000123 16.543 1.601 1 0 0 0 1 0 0 0
6.08 486.049 0.000177 20.925 1.601 1 0 0 0 1 0 0 0
6.12 488.327 0.000133 14.498 1.600 1 0 0 0 1 0 0 0
6.16 490.605 0.000094 13.997 1.600 1 0 0 0 1 0 0 0
6.20 492.883 0.000114 16.375 1.601 1 0 0 0 1 0 0 0
6.24 495.161 0.000118 15.120 1.601 1 0 0 0 1 0 0 0
6.28 497.440 0.000113 16.109 1.604 1 0 0 0 1 0 0 0
6.32 499.718 0.000140 16.771 1.603 1 0 0 0 1 0 0 0
6.36 501.996 0.000157 18.040 1.628 1 0 0 0 1 0 0 0
6.40 504.274 0.000174 18.521 1.660 1 0 0 0 1 0 0 0
6.44 506.553 0.000176 20.173 1.680 1 0 0 0 1 0 0 0
6.48 508.831 0.000232 21.417 1.732 1 0 0 0 1 0 0 0
6.52 511.109 0.000194 19.189 1.758 1 0 0 0 1 0 0 0
6.56 513.387 0.000198 19.722 1.783 1 0 0 0 1 0 0 0
6.60 515.666 0.000214 20.260 1.798 1 0 0 0 1 0 0 0
6.64 517.944 0.000213 20.253 1.838 1 0 0 0 1 0 0 0
6.68 520.222 0.000202 18.847 1.798 1 0 0 0 1 0 0 0
6.72 522.500 0.000186 18.450 1.740 1 0 0 0 1 0 0 0
6.76 524.778 0.000161 17.900 1.698 1 0 0 0 1 0 0 0
6.80 527.057 0.000143 15.930 1.639 1 0 0 0 1 0 0 0
6.84 529.335 0.000125 15.170 1.615 1 0 0 0 1 0 0 0
6.88 531.613 0.000120 14.771 1.605 1 0 0 0 1 0 0 0
6.92 533.891 0.000108 15.104 1.603 1 0 0 0 1 0 0 0
6.96 536.170 0.000117 16.881 1.601 1 0 0 0 1 0 0 0
7.00 538.448 0.000123 15.973 1.600 1 0 0 0 1 0 0 0
7.04 540.726 0.000177 24.809 1.659 1 0 0 0 1 0 0 0
7.08 544.557 0.009063 58.741 4.549 1 0 0 0 1 0 0 0
7.12 421.854 0.016079 55.298 8.284 1 0 0 0 1 0 0 0
7.16 239.651 0.008329 55.225 7.470 1 0 0 0 1 0 0 0
7.20 170.966 0.025979 65.219 11.615 1 0 0 0 1 0 0 0
7.24 182.458 0.036348 63.866 14.540 1 0 0 0 1 0 0 0
7.28 197.892 0.021326 56.402 11.456 1 0 0 0 1 0 0 0
7.32 197.344 0.010326 44.338 5.790 1 0 0 0 1 0 0 0
7.36 193.315 0.001156 29.457 3.283 1 0 0 0 1 0 0 0
7.40 190.259 0.000509 26.793 2.671 1 0 0 0 1 0 0 0
7.44 187.203 0.000318 21.734 2.158 1 0 0 0 1 0 0 0
7.48 184.147 0.000197 17.967 1.818 1 0 0 0 1 0 0 0
7.52 181.091 0.000140 16.052 1.661 1 0 0 0 1 0 0 0
7.56 178.035 0.000123 16.538 1.623 1 0 0 0 1 0 0 0
7.60 174.979 0.000143 17.605 1.648 1 0 0 0 1 0 0 0
7.64 171.924 0.000172 19.999 1.731 1 0 0 0 1 0 0 0
7.68 168.868 0.000190 21.846 1.869 1 0 0 0 1 0 0 0
7.72 165.812 0.000319 18.469 1.806 1 0 0 0 1 0 0 0
7.76 162.756 0.000210 20.578 1.811 1 0 0 0 1 0 0 0
7.80 159.700 0.000168 18.572 1.719 1 0 0 0 1 0 0 0
7.84 156.644 0.000188 18.716 1.694 1 0 0 0 1 0 0 0
7.88 153.588 0.000161 16.933 1.673 1 0 0 0 1 0 0 0
7.92 150.532 0.000136 16.576 1.637 1 0 0 0 1 0 0 0
7.96 147.476 0.000161 18.917 1.623 1 0 0 0 1 0 0 0
8.00 144.420 0.000150 15.254 1.610 1 0 0 0 1 0 0 0
8.04 141.364 0.000122 15.402 1.612 1 0 0 0 1 0 0 0
8.08 138.309 0.000127 16.589 1.622 1 0 0 0 1 0 0 0
8.12 135.253 0.000168 19.958 1.627 1 0 0 0 1 0 0 0
8.16 132.197 0.000197 25.490 1.665 1 0 0 0 1 0 0 0
8.20 127.059 0.008211 58.808 4.566 1 0 0 0 1 0 0 0
8.24 125.262 0.018378 61.157 10.656 1 0 0 0 1 0 0 0
8.28 128.859 0.023801 61.649 15.777 1 0 0 0 1 0 0 0
8.32 131.158 0.025145 61.822 16.278 1 0 0 0 1 0 0 0
8.36 133.615 0.027046 62.721 14.924 1 0 0 0 1 0 0 0
8.40 137.358 0.020331 55.872 10.572 1 0 0 0 1 0 0 0
8.44 140.005 0.007501 40.526 4.734 1 0 0 0 1 0 0 0
8.48 142.012 0.001067 34.557 2.774 1 0 0 0 1 0 0 0
8.52 144.019 0.000320 21.976 2.045 1 0 0 0 0 1 0 0
8.56 146.026 0.001254 34.856 2.215 1 0 0 0 0 1 0 0
8.60 149.401 0.008987 60.343 6.178 1 0 0 0 0 1 0 0
8.64 134.865 0.040377 66.319 17.806 1 0 0 0 0 1 0 0
8.68 126.115 0.020530 57.179 17.146 1 0 0 0 0 1 0 0
8.72 124.126 0.011653 54.344 15.020 1 0 0 0 0 1 0 0
8.76 133.143 0.009924 50.938 10.989 1 0 0 0 0 1 0 0
8.80 147.306 0.006342 54.380 10.215 1 0 0 0 0 1 0 0
8.84 156.719 0.022600 65.318 16.766 1 0 0 0 0 1 0 0
8.88 158.266 0.047107 66.723 23.050 1 0 0 0 0 1 0 0
8.92 158.136 0.031072 66.246 22.637 1 0 0 0 0 0 1 0
8.96 158.048 0.056226 68.836 31.100 1 0 0 0 0 0 0 1
9.00 157.841 0.038238 61.458 22.633 1 0 0 0 0 0 0 1
9.04 162.660 0.022888 64.142 18.889 1 0 0 0 0 0 0 1
9.08 169.256 0.048096 67.884 26.414 1 0 0 0 0 0 0 1
9.12 180.539 0.046036 65.750 28.520 1 0 0 0 0 0 0 1
9.16 202.660 0.026504 59.178 18.772 1 0 0 0 0 0 0 1
9.20 219.873 0.011624 47.397 8.477 1 0 0 0 0 0 0 1
9.24 241.821 0.007379 57.175 7.402 1 0 0 0 0 0 0 1
9.28 230.485 0.046069 70.460 20.786 1 0 0 0 0 0 0 1
9.32 211.469 0.078965 62.035 24.083 1 0 0 0 0 0 0 1
9.36 187.221 0.010547 55.518 15.495 0 0 1 0 1 0 0 0
9.40 189.409 0.011922 53.043 14.047 0 0 1 0 1 0 0 0
9.44 200.418 0.006365 48.770 10.870 0 0 1 0 1 0 0 0
9.48 208.766 0.005143 47.223 9.253 0 0 1 0 1 0 0 0
9.52 217.115 0.004014 43.605 7.855 0 0 1 0 1 0 0 0
9.56 225.463 0.003211 44.003 7.530 0 0 1 0 1 0 0 0
9.60 233.812 0.003894 49.291 7.812 0 0 1 0 1 0 0 0
9.64 247.850 0.037851 72.837 15.737 0 0 1 0 1 0 0 0
9.68 272.044 0.146020 78.330 46.566 0 0 1 0 1 0 0 0
9.72 272.828 0.145765 76.304 61.254 0 0 1 0 1 0 0 0
9.76 253.311 0.122811 63.902 44.830 0 0 1 0 1 0 0 0
9.80 238.065 0.010426 41.833 12.424 0 0 1 0 1 0 0 0
9.84 226.502 0.001581 34.056 5.932 0 0 1 0 1 0 0 0
9.88 214.940 0.000985 38.793 4.510 0 0 1 0 1 0 0 0
9.92 195.498 0.041513 71.684 14.337 0 0 1 0 1 0 0 0
9.96 195.677 0.062860 60.885 24.781 0 0 1 0 1 0 0 0
10.00 202.979 0.017286 41.099 11.037 0 0 1 0 1 0 0 0
10.04 208.516 0.001154 32.466 5.172 0 0 1 0 1 0 0 0
10.08 214.053 0.001107 38.851 4.044 0 0 1 0 1 0 0 0
10.12 223.364 0.046101 73.801 16.878 0 0 1 0 1 0 0 0
10.16 231.367 0.116503 76.778 42.699 0 0 1 0 1 0 0 0
10.20 226.763 0.118434 68.792 49.517 0 0 1 0 1 0 0 0
10.24 220.285 0.011370 41.658 12.507 0 0 1 0 1 0 0 0
10.28 215.372 0.001787 33.541 5.588 0 0 1 0 1 0 0 0
10.32 210.458 0.000788 36.313 3.895 0 0 1 0 1 0 0 0
10.36 202.197 0.017930 68.322 9.162 0 0 1 0 1 0 0 0
10.40 192.144 0.085042 72.624 31.763 0 0 1 0 1 0 0 0
10.44 190.138 0.058308 52.360 20.402 0 0 1 0 1 0 0 0
10.48 191.328 0.001963 34.028 6.116 0 0 1 0 1 0 0 0
10.52 192.231 0.001134 32.151 4.152 0 0 1 0 1 0 0 0
10.56 193.134 0.000622 32.475 3.082 0 0 1 0 1 0 0 0
10.60 194.652 0.024005 68.761 9.805 0 0 1 0 1 0 0 0
10.64 194.137 0.060820 67.599 26.621 0 0 1 0 1 0 0 0
10.68 193.081 0.022025 40.642 10.179 0 0 1 0 1 0 0 0
10.72 192.281 0.001261 30.522 3.939 0 0 1 0 1 0 0 0
10.76 191.481 0.000667 30.486 2.674 0 0 1 0 1 0 0 0
10.80 190.135 0.000506 42.398 2.734 0 0 1 0 1 0 0 0
10.84 204.462 0.018826 64.767 10.761 0 0 1 0 1 0 0 0
10.88 210.081 0.050197 66.348 24.714 0 0 1 0 1 0 0 0
10.92 208.805 0.027127 41.669 11.705 0 0 1 0 1 0 0 0
10.96 207.838 0.001276 27.854 3.938 0 0 1 0 1 0 0 0
11.00 206.870 0.000358 23.798 2.400 0 0 1 0 1 0 0 0
11.04 205.903 0.000327 32.170 2.109 1 0 0 0 1 0 0 0
11.08 204.276 0.010307 59.382 7.317 1 0 0 0 1 0 0 0
11.12 205.107 0.020183 56.238 14.297 1 0 0 0 1 0 0 0
11.16 206.508 0.003332 27.297 4.167 1 0 0 0 1 0 0 0
11.20 207.571 0.000453 24.817 2.251 1 0 0 0 1 0 0 0
11.24 208.634 0.000244 25.984 1.828 1 0 0 0 1 0 0 0
11.28 210.420 0.004091 54.003 3.529 1 0 0 0 1 0 0 0
11.32 196.568 0.022417 62.201 12.321 1 0 0 0 1 0 0 0
11.36 193.338 0.019658 46.220 10.279 1 0 0 0 1 0 0 0
11.40 196.784 0.000954 27.054 3.206 1 0 0 0 1 0 0 0
11.44 199.398 0.000830 38.603 2.528 1 0 0 0 1 0 0 0
11.48 203.794 0.011505 58.181 8.727 1 0 0 0 1 0 0 0
11.52 212.658 0.011634 52.374 11.750 1 0 0 0 1 0 0 0
11.56 219.623 0.008361 53.550 12.304 1 0 0 0 1 0 0 0
11.60 224.905 0.011534 57.236 13.552 1 0 0 0 1 0 0 0
11.64 233.787 0.020611 62.930 17.703 1 0 0 0 1 0 0 0
11.68 371.875 0.039539 63.785 22.321 1 0 0 0 1 0 0 0
11.72 413.492 0.021922 52.475 14.702 1 0 0 0 1 0 0 0
11.76 392.814 0.001404 34.422 4.314 1 0 0 0 1 0 0 0
11.80 377.132 0.001244 37.915 3.968 1 0 0 0 1 0 0 0
11.84 361.449 0.001927 45.933 4.513 1 0 0 0 1 0 0 0
11.88 345.767 0.062153 74.783 20.528 1 0 0 0 1 0 0 0
11.92 330.085 0.087631 62.908 26.975 1 0 0 0 1 0 0 0
11.96 314.403 0.004290 40.426 9.183 1 0 0 0 1 0 0 0
12.00 298.721 0.001683 36.102 5.791 0 1 0 0 1 0 0 0
12.04 283.038 0.001344 40.189 4.715 0 1 0 0 1 0 0 0
12.08 256.670 0.043210 74.042 14.543 0 1 0 0 1 0 0 0
12.12 243.400 0.131781 76.419 44.473 0 1 0 0 1 0 0 0
12.16 235.206 0.113362 65.112 40.205 0 1 0 0 1 0 0 0
12.20 228.760 0.005515 40.776 10.261 0 1 0 0 1 0 0 0
12.24 223.871 0.001505 36.363 5.016 0 1 0 0 1 0 0 0
12.28 215.651 0.001283 41.890 3.982 0 1 0 0 1 0 0 0
12.32 228.207 0.037873 71.232 14.335 0 1 0 0 1 0 0 0
12.36 246.964 0.068760 70.893 30.027 0 1 0 0 1 0 0 0
12.40 250.321 0.071694 69.030 37.049 0 1 0 0 1 0 0 0
12.44 248.398 0.015390 40.580 10.060 0 1 0 0 1 0 0 0
12.48 246.940 0.001432 28.752 3.837 0 1 0 0 1 0 0 0
12.52 245.481 0.000541 30.810 2.777 0 1 0 0 1 0 0 0
12.56 243.029 0.001083 51.608 3.729 0 1 0 0 1 0 0 0
12.60 268.145 0.023836 65.145 12.172 0 1 0 0 1 0 0 0
12.64 299.278 0.051976 70.075 23.439 0 1 0 0 1 0 0 0
12.68 293.799 0.068731 62.528 25.708 0 1 0 0 1 0 0 0
12.72 279.922 0.003288 36.473 6.545 0 1 0 0 1 0 0 0
12.76 269.397 0.000724 29.925 2.693 0 1 0 0 1 0 0 0
12.80 258.873 0.001212 42.744 3.021 0 1 0 0 1 0 0 0
12.84 248.349 0.006941 50.981 6.606 0 1 0 0 1 0 0 0
12.88 237.825 0.005691 48.789 8.313 0 1 0 0 1 0 0 0
12.92 227.301 0.006571 49.661 9.003 0 1 0 0 1 0 0 0
12.96 216.777 0.006362 50.600 8.949 0 1 0 0 1 0 0 0
13.00 199.081 0.008841 55.100 10.225 0 1 0 0 1 0 0 0
13.04 179.676 0.011515 55.077 10.966 0 1 0 0 1 0 0 0
13.08 180.207 0.010521 44.658 6.940 0 1 0 0 1 0 0 0
13.12 186.467 0.000990 33.242 3.568 0 1 0 0 1 0 0 0
13.16 191.214 0.001365 38.466 3.965 0 1 0 0 1 0 0 0
13.20 195.961 0.001521 35.843 4.424 0 1 0 0 1 0 0 0
13.24 200.708 0.001360 41.225 4.564 0 1 0 0 1 0 0 0
13.28 208.690 0.050818 75.342 14.305 0 1 0 0 1 0 0 0
13.32 215.222 0.134978 76.540 41.257 0 1 0 0 1 0 0 0
13.36 200.963 0.121559 75.110 53.837 0 1 0 0 1 0 0 0
13.40 193.531 0.087020 57.961 29.738 0 1 0 0 1 0 0 0
13.44 193.533 0.003428 41.169 8.481 0 1 0 0 1 0 0 0
13.48 193.534 0.001895 38.445 5.778 0 1 0 0 1 0 0 0
13.52 193.535 0.001727 44.191 4.746 0 1 0 0 1 0 0 0
13.56 193.537 0.074758 77.994 18.037 0 1 0 0 1 0 0 0
13.60 190.705 0.135771 70.182 38.545 0 1 0 0 1 0 0 0
13.64 187.965 0.013397 39.286 9.678 1 0 0 0 1 0 0 0
13.68 185.886 0.001644 35.096 4.539 1 0 0 0 1 0 0 0
13.72 183.808 0.000947 34.246 2.878 1 0 0 0 1 0 0 0
13.76 181.729 0.001194 35.348 2.634 1 0 0 0 1 0 0 0
13.80 179.651 0.001668 40.950 3.986 1 0 0 0 1 0 0 0
13.84 177.572 0.002690 43.051 5.224 1 0 0 0 1 0 0 0
13.88 175.493 0.002775 42.384 5.715 1 0 0 0 1 0 0 0
13.92 173.415 0.002388 41.960 5.620 1 0 0 0 0 1 0 0
13.96 171.336 0.002550 41.400 5.344 1 0 0 0 0 1 0 0
14.00 169.258 0.002218 42.163 4.980 1 0 0 0 0 1 0 0
14.04 167.179 0.002517 41.499 4.553 1 0 0 0 0 1 0 0
14.08 165.101 0.001933 38.198 3.777 1 0 0 0 0 1 0 0
14.12 163.022 0.001550 36.260 2.526 1 0 0 0 0 1 0 0
14.16 159.527 0.001039 39.081 2.105 1 0 0 0 0 1 0 0
14.20 158.255 0.022774 66.602 8.352 1 0 0 0 0 1 0 0
14.24 159.591 0.048918 67.198 17.753 1 0 0 0 0 1 0 0
14.28 158.297 0.031242 52.942 11.981 1 0 0 0 0 1 0 0
14.32 156.452 0.005714 54.085 9.054 1 0 0 0 0 1 0 0
14.36 154.100 0.020768 66.381 12.001 1 0 0 0 0 1 0 0
14.40 145.363 0.065339 72.107 24.397 1 0 0 0 0 1 0 0
14.44 133.301 0.068889 66.604 25.075 1 0 0 0 0 1 0 0
14.48 129.912 0.034769 60.269 18.518 1 0 0 0 0 1 0 0
14.52 130.431 0.010567 33.198 4.206 1 0 0 0 0 1 0 0
14.56 130.824 0.001434 38.420 2.478 1 0 0 0 0 1 0 0
14.60 131.217 0.001170 32.995 2.380 1 0 0 0 0 1 0 0
14.64 131.610 0.000871 32.831 2.547 1 0 0 0 0 1 0 0
14.68 132.003 0.000784 31.811 2.578 1 0 0 0 0 1 0 0
14.72 132.396 0.000755 33.587 2.534 1 0 0 0 0 1 0 0
14.76 132.789 0.000880 32.682 2.318 1 0 0 0 0 1 0 0
14.80 133.182 0.000710 31.381 2.060 1 0 0 0 0 1 0 0
14.84 133.575 0.000685 27.279 1.832 1 0 0 0 0 1 0 0
14.88 133.968 0.000227 19.368 1.687 1 0 0 0 0 1 0 0
14.92 134.362 0.000476 30.645 1.622 1 0 0 0 0 1 0 0
14.96 134.755 0.000545 30.343 1.626 1 0 0 0 0 1 0 0
15.00 135.148 0.000958 31.081 1.757 1 0 0 0 0 1 0 0
15.04 135.541 0.000700 29.925 1.683 1 0 0 0 0 1 0 0
15.08 135.934 0.000611 31.209 1.637 1 0 0 0 0 1 0 0
15.12 136.327 0.000542 29.014 1.613 1 0 0 0 0 1 0 0
15.16 136.720 0.000599 24.988 1.603 1 0 0 0 0 1 0 0
15.20 137.113 0.000419 24.707 1.604 1 0 0 0 0 1 0 0
15.24 137.506 0.000442 28.792 1.640 1 0 0 0 0 1 0 0
15.28 137.899 0.000340 25.013 1.610 1 0 0 0 0 1 0 0
15.32 138.292 0.000249 21.505 1.603 1 0 0 0 0 1 0 0
15.36 138.685 0.000290 25.841 1.605 1 0 0 0 0 1 0 0
15.40 139.078 0.000567 30.736 1.838 1 0 0 0 0 1 0 0
15.44 139.472 0.000504 28.054 1.767 1 0 0 0 0 1 0 0
15.48 139.865 0.004002 52.573 5.075 1 0 0 0 0 1 0 0
15.52 140.526 0.008904 54.554 7.897 1 0 0 0 0 1 0 0
15.56 139.978 0.012312 53.174 7.136 1 0 0 0 0 1 0 0
15.60 137.939 0.022627 64.042 12.207 1 0 0 0 0 1 0 0
15.64 141.661 0.031673 63.054 16.062 1 0 0 0 0 1 0 0
15.68 161.051 0.020544 52.746 13.068 1 0 0 0 0 1 0 0
15.72 177.775 0.002201 33.619 3.352 1 0 0 0 0 1 0 0
15.76 199.101 0.014061 63.406 7.735 1 0 0 0 0 1 0 0
15.80 221.186 0.034471 65.677 12.898 1 0 0 0 0 1 0 0
15.84 230.219 0.043632 66.743 16.647 1 0 0 0 0 1 0 0
15.88 224.653 0.036120 65.491 17.536 1 0 0 0 0 1 0 0
15.92 223.962 0.052428 69.898 21.597 1 0 0 0 0 1 0 0
15.96 236.092 0.054928 65.498 23.135 1 0 0 0 0 1 0 0
16.00 236.124 0.022485 51.194 11.688 1 0 0 0 0 1 0 0
16.04 231.188 0.002918 32.009 4.605 1 0 0 0 0 1 0 0
16.08 227.444 0.000557 25.614 2.876 1 0 0 0 0 1 0 0
16.12 223.700 0.000348 20.805 2.122 1 0 0 0 0 1 0 0
16.16 219.957 0.000211 17.671 1.768 1 0 0 0 0 1 0 0
16.20 216.213 0.000154 16.979 1.644 1 0 0 0 0 1 0 0
16.24 212.469 0.000119 14.263 1.611 1 0 0 0 0 1 0 0
16.28 208.725 0.000123 16.713 1.603 1 0 0 0 0 1 0 0
16.32 204.981 0.000130 16.777 1.607 1 0 0 0 0 1 0 0
16.36 201.238 0.000149 16.482 1.617 1 0 0 0 0 1 0 0
16.40 197.494 0.000146 17.302 1.613 1 0 0 0 0 1 0 0
16.44 193.750 0.000138 20.118 1.603 1 0 0 0 0 1 0 0
16.48 190.006 0.000790 34.267 1.655 1 0 0 0 0 1 0 0
16.52 186.263 0.000380 19.869 1.613 1 0 0 0 0 1 0 0
16.56 182.519 0.000781 32.515 1.646 1 0 0 0 0 1 0 0
16.60 178.775 0.000687 22.816 1.612 1 0 0 0 0 1 0 0
16.64 175.031 0.000224 21.303 1.693 1 0 0 0 0 1 0 0
16.68 171.287 0.000272 23.472 1.829 1 0 0 0 0 1 0 0
16.72 167.544 0.000320 27.834 1.771 1 0 0 0 0 1 0 0
16.76 163.800 0.001292 42.045 1.735 1 0 0 0 0 1 0 0
16.80 157.505 0.005755 56.744 3.935 1 0 0 0 0 1 0 0
16.84 165.213 0.036698 70.290 14.302 1 0 0 0 0 1 0 0
16.88 186.293 0.116556 77.251 38.899 1 0 0 0 0 1 0 0
16.92 206.228 0.138840 75.277 55.476 1 0 0 0 0 1 0 0
16.96 219.935 0.090769 67.576 38.394 1 0 0 0 0 1 0 0
17.00 224.864 0.098541 76.216 43.388 1 0 0 0 0 1 0 0
17.04 228.046 0.140833 77.508 47.043 1 0 0 0 0 1 0 0
17.08 233.832 0.145015 76.264 46.098 1 0 0 0 0 1 0 0
17.12 238.320 0.113600 73.218 42.682 1 0 0 0 0 0 1 0
17.16 238.405 0.072636 69.785 36.943 1 0 0 0 0 0 1 0
17.20 236.210 0.058793 68.861 33.095 1 0 0 0 0 0 1 0
17.24 233.024 0.049187 67.259 29.466 1 0 0 0 0 0 1 0
17.28 229.497 0.045789 67.032 27.168 1 0 0 0 0 0 1 0
17.32 224.610 0.042318 65.167 24.080 1 0 0 0 0 0 1 0
17.36 217.305 0.028383 58.604 17.108 1 0 0 0 0 0 1 0
17.40 211.937 0.009241 50.941 11.108 1 0 0 0 0 0 1 0
17.44 205.092 0.008809 56.032 11.204 1 0 0 0 0 0 1 0
17.48 205.021 0.023112 59.382 12.513 1 0 0 0 0 0 1 0
17.52 207.462 0.007775 48.344 5.907 1 0 0 0 0 0 1 0
17.56 210.574 0.007344 55.747 7.934 1 0 0 0 0 0 0 1
17.60 234.555 0.034709 64.597 14.917 1 0 0 0 0 0 0 1
17.64 320.462 0.033029 63.585 18.362 1 0 0 0 0 0 0 1
17.68 315.983 0.023520 51.073 9.120 1 0 0 0 0 0 0 1
17.72 257.780 0.010637 57.934 7.945 1 0 0 0 0 0 0 1
17.76 226.078 0.047291 71.086 15.912 1 0 0 0 0 0 0 1
17.80 217.232 0.046083 66.154 20.242 1 0 0 0 0 0 0 1
17.84 217.111 0.040179 64.146 20.464 1 0 0 0 0 0 0 1
17.88 223.271 0.019987 52.356 12.030 1 0 0 0 0 0 0 1
17.92 228.716 0.004783 42.780 3.968 1 0 0 0 0 0 0 1
17.96 232.845 0.004284 52.067 5.289 1 0 0 0 0 0 0 1
18.00 239.789 0.009753 60.000 8.604 1 0 0 0 0 0 0 1
18.04 240.215 0.069064 73.356 19.477 1 0 0 0 0 0 0 1
18.08 237.028 0.056543 66.534 22.684 1 0 0 0 0 0 0 1
18.12 235.874 0.041581 66.485 23.753 1 0 0 0 0 0 0 1
18.16 235.418 0.045808 67.675 25.847 1 0 0 0 0 0 0 1
18.20 231.176 0.051023 69.387 25.698 0 0 1 0 0 0 0 1
18.24 221.550 0.078918 73.576 29.310 0 0 1 0 1 0 0 0
18.28 210.148 0.104589 74.235 34.051 0 0 1 0 1 0 0 0
18.32 214.368 0.094722 73.235 36.612 0 0 1 0 1 0 0 0
18.36 266.509 0.098946 74.364 42.018 0 0 1 0 1 0 0 0
18.40 337.634 0.087993 70.007 40.252 0 0 1 0 1 0 0 0
18.44 415.974 0.023596 49.054 16.950 0 0 1 0 1 0 0 0
18.48 497.688 0.008206 54.207 13.778 0 0 1 0 1 0 0 0
18.52 441.437 0.010788 54.483 13.300 0 0 1 0 1 0 0 0
18.56 320.680 0.050918 74.064 22.191 0 0 1 0 1 0 0 0
18.60 247.601 0.133863 73.467 45.562 0 0 1 0 1 0 0 0
18.64 224.638 0.058459 59.214 28.046 0 0 1 0 1 0 0 0
18.68 218.076 0.005242 47.326 11.850 0 0 1 0 1 0 0 0
18.72 213.099 0.006796 48.268 10.254 0 0 1 0 1 0 0 0
18.76 204.731 0.004616 49.421 7.824 0 0 1 0 1 0 0 0
18.80 184.759 0.076845 77.189 26.810 0 0 1 0 1 0 0 0
18.84 233.659 0.145402 76.834 53.039 0 0 1 0 1 0 0 0
18.88 261.592 0.099549 67.715 46.208 0 0 1 0 1 0 0 0
18.92 262.942 0.017933 44.576 14.391 0 0 1 0 1 0 0 0
18.96 263.966 0.005279 49.355 10.113 0 0 1 0 1 0 0 0
19.00 264.990 0.006672 54.845 10.166 0 0 1 0 1 0 0 0
19.04 266.711 0.106136 79.438 34.324 0 0 1 0 1 0 0 0
19.08 266.769 0.141759 75.933 55.704 0 0 1 0 1 0 0 0
19.12 258.509 0.101431 70.094 53.151 0 0 1 0 1 0 0 0
19.16 250.787 0.074725 46.512 19.718 0 0 1 0 1 0 0 0
19.20 244.931 0.004283 49.653 10.453 0 0 1 0 1 0 0 0
19.24 239.074 0.014599 60.805 13.035 0 0 1 0 1 0 0 0
19.28 229.227 0.016199 67.131 16.300 0 0 1 0 1 0 0 0
19.32 243.839 0.127758 76.739 43.995 0 0 1 0 1 0 0 0
19.36 252.147 0.105784 73.157 50.575 0 0 1 0 1 0 0 0
19.40 251.887 0.090903 67.143 44.488 0 0 1 0 1 0 0 0
19.44 251.690 0.003715 38.577 10.061 0 0 1 0 1 0 0 0
19.48 251.493 0.002294 39.385 6.596 0 0 1 0 1 0 0 0
19.52 251.161 0.001393 39.550 4.785 0 0 1 0 1 0 0 0
19.56 247.482 0.032176 70.823 15.561 0 0 1 0 1 0 0 0
19.60 251.907 0.088826 74.128 36.987 0 0 1 0 1 0 0 0
19.64 255.989 0.093142 69.337 45.900 0 0 1 0 1 0 0 0
19.68 257.185 0.007861 39.824 11.215 0 0 1 0 1 0 0 0
19.72 258.092 0.001196 33.671 4.516 0 0 1 0 1 0 0 0
19.76 258.999 0.000706 34.895 2.666 0 0 1 0 1 0 0 0
19.80 260.524 0.015186 63.907 8.039 0 0 1 0 1 0 0 0
19.84 287.725 0.038178 68.295 21.390 0 0 1 0 1 0 0 0
19.88 323.303 0.083323 71.700 40.879 0 0 1 0 1 0 0 0
19.92 329.585 0.060843 45.248 17.840 0 0 1 0 1 0 0 0
19.96 325.199 0.001493 32.258 5.572 0 0 1 0 1 0 0 0
20.00 321.873 0.000579 33.843 3.112 0 0 1 0 1 0 0 0
20.04 318.548 0.003131 50.390 4.049 0 0 1 0 1 0 0 0
20.08 312.955 0.014476 62.900 8.797 0 0 1 0 1 0 0 0
20.12 305.688 0.049275 67.143 23.214 0 0 1 0 1 0 0 0
20.16 286.533 0.039853 39.521 11.078 0 0 1 0 1 0 0 0
20.20 270.330 0.001277 34.261 3.715 0 0 1 0 1 0 0 0
20.24 249.668 0.002754 48.998 4.237 0 0 1 0 1 0 0 0
20.28 238.997 0.014666 57.988 9.419 0 0 1 0 1 0 0 0
20.32 232.225 0.011698 55.160 10.819 0 0 1 0 1 0 0 0
20.36 224.235 0.009866 54.254 10.692 0 0 1 0 1 0 0 0
20.40 214.837 0.013252 57.319 11.242 0 0 1 0 1 0 0 0
20.44 211.136 0.014686 56.808 11.391 0 0 1 0 1 0 0 0
20.48 210.654 0.010787 51.773 8.579 0 0 1 0 1 0 0 0
20.52 210.041 0.005015 47.961 4.189 0 0 1 0 1 0 0 0
20.56 239.289 0.034902 64.740 13.782 0 0 1 0 1 0 0 0
20.60 249.582 0.021500 42.043 8.238 0 0 1 0 1 0 0 0
20.64 246.205 0.002740 42.244 6.536 0 0 1 0 1 0 0 0
20.68 243.644 0.002407 44.302 6.012 0 0 1 0 1 0 0 0
20.72 239.338 0.027893 69.950 12.473 0 0 1 0 1 0 0 0
20.76 244.508 0.099814 75.444 36.348 0 0 1 0 1 0 0 0
20.80 247.871 0.103547 66.727 40.490 0 0 1 0 1 0 0 0
20.84 248.048 0.011188 43.237 11.907 0 0 1 0 1 0 0 0
20.88 248.183 0.002364 39.827 6.657 0 0 1 0 1 0 0 0
20.92 248.317 0.002062 44.338 5.522 0 0 1 0 1 0 0 0
20.96 248.543 0.039522 72.365 14.206 0 0 1 0 1 0 0 0
21.00 241.058 0.093120 73.305 37.442 0 0 1 0 1 0 0 0
21.04 188.042 0.093148 66.914 41.494 0 0 1 0 1 0 0 0
21.08 175.075 0.016737 41.346 12.498 0 0 1 0 1 0 0 0
21.12 184.912 0.001509 32.031 5.114 0 0 1 0 1 0 0 0
21.16 192.371 0.000880 33.668 3.429 0 0 1 0 1 0 0 0
21.20 204.914 0.003957 55.699 4.484 0 0 1 0 1 0 0 0
21.24 254.843 0.049824 70.475 18.171 0 0 1 0 1 0 0 0
21.28 328.426 0.047717 66.215 27.435 0 0 1 0 1 0 0 0
21.32 321.337 0.043884 56.421 19.323 0 0 1 0 1 0 0 0
21.36 290.744 0.003086 37.955 5.832 0 0 1 0 1 0 0 0
21.40 267.544 0.001367 36.541 3.153 0 0 1 0 1 0 0 0
21.44 228.534 0.000693 37.192 2.521 0 0 1 0 1 0 0 0
21.48 214.211 0.021025 66.395 10.096 0 0 1 0 1 0 0 0
21.52 194.732 0.044130 65.058 20.875 0 0 1 0 1 0 0 0
21.56 193.674 0.042771 53.360 15.984 0 0 1 0 1 0 0 0
21.60 201.561 0.002023 35.508 5.308 0 0 1 0 1 0 0 0
21.64 207.541 0.000878 32.928 2.872 0 0 1 0 1 0 0 0
21.68 217.598 0.000865 35.156 2.256 0 0 1 0 1 0 0 0
21.72 249.155 0.016697 63.262 8.789 0 0 1 0 1 0 0 0
21.76 288.341 0.032297 67.168 18.123 0 0 1 0 1 0 0 0
21.80 293.428 0.065193 65.275 28.670 0 0 1 0 1 0 0 0
21.84 286.491 0.004424 35.559 7.876 0 0 1 0 1 0 0 0
21.88 281.230 0.000901 26.246 3.336 0 0 1 0 1 0 0 0
21.92 275.969 0.000321 25.800 2.160 0 0 1 0 1 0 0 0
21.96 267.123 0.006201 57.172 4.646 0 0 1 0 1 0 0 0
22.00 277.880 0.021866 64.397 12.256 0 0 1 0 1 0 0 0
22.04 294.459 0.050867 68.690 25.708 0 0 1 0 1 0 0 0
22.08 280.009 0.049979 49.925 16.409 0 0 1 0 1 0 0 0
22.12 261.512 0.001443 28.351 4.729 0 0 1 0 1 0 0 0
22.16 247.483 0.000494 30.541 2.582 0 0 1 0 1 0 0 0
22.20 223.896 0.005935 55.352 4.838 0 0 1 0 1 0 0 0
22.24 216.848 0.011681 52.905 8.044 0 0 1 0 1 0 0 0
22.28 218.676 0.006748 50.697 8.123 0 0 1 0 1 0 0 0
22.32 220.063 0.006259 49.006 7.743 0 0 1 0 1 0 0 0
22.36 221.449 0.005821 47.437 7.581 0 0 1 0 0 1 0 0
22.40 222.836 0.005657 49.322 7.230 0 0 1 0 0 1 0 0
22.44 224.223 0.005932 50.818 6.922 0 0 0 1 0 1 0 0
22.48 225.609 0.005693 47.650 5.205 0 0 0 1 0 1 0 0
22.52 227.941 0.004699 57.997 4.015 0 0 0 1 0 1 0 0
22.56 240.021 0.079083 75.787 15.552 0 0 0 1 0 1 0 0
22.60 261.388 0.124222 76.789 31.600 0 0 0 1 0 1 0 0
22.64 282.986 0.167781 78.648 43.772 0 0 0 1 0 1 0 0
22.68 304.067 0.156593 76.982 42.449 0 0 0 1 0 1 0 0
22.72 321.341 0.122646 72.650 33.610 0 0 0 1 0 0 1 0
22.76 326.266 0.057446 67.336 24.036 0 0 0 1 0 0 1 0
22.80 332.235 0.034664 62.990 18.505 0 0 0 1 0 0 1 0
22.84 348.514 0.023168 59.779 15.128 0 0 0 1 0 0 1 0
22.88 367.981 0.020830 61.597 14.352 0 0 0 1 0 0 1 0
22.92 380.556 0.031108 66.593 16.056 0 0 0 1 0 0 1 0
22.96 376.047 0.062837 69.429 21.909 0 0 0 1 0 0 1 0
23.00 373.016 0.042145 59.520 15.737 0 0 0 1 0 0 1 0
23.04 373.483 0.010975 53.080 8.291 0 0 0 1 0 0 1 0
23.08 374.079 0.009855 58.509 7.862 0 0 0 1 0 0 1 0
23.12 382.910 0.053353 69.623 14.771 0 1 0 0 0 0 1 0
23.16 398.857 0.035176 66.607 20.578 0 1 0 0 0 0 1 0
23.20 385.843 0.056730 68.051 26.427 0 1 0 0 0 0 1 0
23.24 344.739 0.026521 50.671 12.605 0 1 0 0 0 0 0 1
23.28 313.377 0.001701 34.008 4.619 0 1 0 0 0 0 0 1
23.32 289.593 0.001190 35.790 3.324 0 1 0 0 0 0 0 1
23.36 249.602 0.000823 42.507 3.133 0 1 0 0 0 0 0 1
23.40 220.645 0.037947 70.855 13.835 0 1 0 0 0 0 0 1
23.44 183.746 0.066864 67.336 27.526 0 1 0 0 0 0 0 1
23.48 176.986 0.029288 44.530 11.834 0 1 0 0 0 0 0 1
23.52 184.219 0.001525 35.303 4.490 0 1 0 0 0 0 0 1
23.56 189.704 0.001086 31.002 2.909 0 1 0 0 0 0 0 1
23.60 198.927 0.000698 45.444 2.766 0 1 0 0 0 0 0 1
23.64 227.391 0.029606 67.597 12.815 0 1 0 0 0 0 0 1
23.68 275.184 0.046573 62.822 21.967 0 1 0 0 0 0 0 1
23.72 283.090 0.016454 40.393 8.389 0 1 0 0 0 0 0 1
23.76 274.400 0.001089 33.758 3.551 0 1 0 0 0 0 0 1
23.80 267.810 0.000900 31.768 2.600 0 1 0 0 1 0 0 0
23.84 261.220 0.000727 35.951 2.224 0 1 0 0 1 0 0 0
23.88 250.139 0.025043 68.115 9.156 0 1 0 0 1 0 0 0
23.92 246.424 0.047936 68.946 23.831 0 1 0 0 1 0 0 0
23.96 242.001 0.054181 62.782 24.935 0 1 0 0 1 0 0 0
24.00 237.502 0.003647 37.834 7.094 0 1 0 0 1 0 0 0
24.04 234.090 0.000976 32.299 3.415 0 1 0 0 1 0 0 0
24.08 230.679 0.001475 37.086 2.593 0 1 0 0 1 0 0 0
24.12 224.942 0.004490 55.119 4.132 0 1 0 0 1 0 0 0
24.16 226.918 0.025860 64.360 13.716 0 1 0 0 1 0 0 0
24.20 230.933 0.044735 62.528 23.787 0 1 0 0 1 0 0 0
24.24 233.977 0.003713 35.207 6.739 0 1 0 0 1 0 0 0
24.28 237.022 0.000780 28.704 3.141 0 1 0 0 1 0 0 0
24.32 240.067 0.000607 30.306 2.351 0 1 0 0 1 0 0 0
24.36 245.186 0.001744 48.672 2.832 0 1 0 0 1 0 0 0
24.40 255.075 0.019107 63.613 9.933 0 1 0 0 1 0 0 0
24.44 253.654 0.034565 61.807 20.745 0 1 0 0 1 0 0 0
24.48 248.684 0.006952 37.036 6.979 0 1 0 0 1 0 0 0
24.52 244.915 0.001324 36.428 2.832 0 1 0 0 1 0 0 0
24.56 241.145 0.000901 35.215 1.990 0 1 0 0 1 0 0 0
24.60 234.807 0.002304 47.959 2.688 0 1 0 0 1 0 0 0
24.64 240.386 0.013455 60.307 8.433 1 0 0 0 1 0 0 0
24.68 249.583 0.027749 63.322 17.658 1 0 0 0 1 0 0 0
24.72 249.602 0.019638 50.732 13.929 1 0 0 0 1 0 0 0
24.76 247.147 0.003398 26.858 3.931 1 0 0 0 1 0 0 0
24.80 245.286 0.000418 25.333 2.031 1 0 0 0 1 0 0 0
24.84 243.424 0.000536 24.990 1.803 1 0 0 0 1 0 0 0
24.88 241.563 0.000482 33.158 2.075 1 0 0 0 1 0 0 0
24.92 239.701 0.010030 58.166 5.718 1 0 0 0 1 0 0 0
24.96 237.840 0.008818 47.334 6.671 1 0 0 0 1 0 0 0
25.00 235.978 0.003727 42.285 5.415 1 0 0 0 1 0 0 0
25.04 234.117 0.002322 40.079 4.352 1 0 0 0 1 0 0 0
25.08 232.255 0.002064 39.256 4.004 1 0 0 0 1 0 0 0
25.12 230.393 0.001937 39.546 3.733 1 0 0 0 1 0 0 0
25.16 228.532 0.001590 36.721 3.621 1 0 0 0 1 0 0 0
25.20 226.670 0.001086 32.865 3.199 1 0 0 0 1 0 0 0
25.24 224.809 0.000916 33.541 2.856 1 0 0 0 1 0 0 0
25.28 222.947 0.000668 29.291 2.589 1 0 0 0 1 0 0 0
25.32 221.086 0.000515 27.778 2.395 1 0 0 0 1 0 0 0
25.36 219.224 0.000556 28.235 2.291 1 0 0 0 1 0 0 0
25.40 217.363 0.000414 25.219 2.134 1 0 0 0 1 0 0 0
25.44 215.501 0.000319 25.011 2.033 1 0 0 0 1 0 0 0
25.48 213.639 0.000316 25.409 1.926 1 0 0 0 1 0 0 0
25.52 211.778 0.000292 21.343 1.778 1 0 0 0 1 0 0 0
25.56 209.916 0.000177 17.211 1.663 1 0 0 0 1 0 0 0
25.60 208.055 0.000162 18.222 1.616 1 0 0 0 1 0 0 0
25.64 206.193 0.000176 18.265 1.605 1 0 0 0 1 0 0 0
25.68 204.332 0.000175 20.046 1.601 1 0 0 0 1 0 0 0
25.72 202.470 0.000213 21.126 1.610 1 0 0 0 1 0 0 0
25.76 200.609 0.000252 24.444 1.614 1 0 0 0 1 0 0 0
25.80 198.747 0.001020 36.191 1.841 1 0 0 0 1 0 0 0
25.84 196.886 0.000755 28.671 1.752 1 0 0 0 1 0 0 0
25.88 195.024 0.000255 22.548 1.637 1 0 0 0 1 0 0 0
25.92 193.162 0.000223 21.993 1.610 1 0 0 0 1 0 0 0
25.96 191.301 0.000209 18.133 1.603 1 0 0 0 1 0 0 0
26.00 189.439 0.000192 21.710 1.604 1 0 0 0 1 0 0 0
26.04 187.578 0.000565 25.187 1.636 1 0 0 0 1 0 0 0
26.08 185.716 0.000554 20.816 1.632 1 0 0 0 1 0 0 0
26.12 183.855 0.000163 22.436 1.608 1 0 0 0 1 0 0 0
26.16 181.993 0.000489 31.240 1.624 1 0 0 0 1 0 0 0
26.20 180.132 0.000973 30.116 1.608 1 0 0 0 1 0 0 0
26.24 178.270 0.001345 33.969 1.632 1 0 0 0 1 0 0 0
26.28 176.409 0.000584 27.427 1.608 1 0 0 0 1 0 0 0
26.32 174.547 0.000358 21.406 1.602 1 0 0 0 1 0 0 0
26.36 172.685 0.000152 16.179 1.601 1 0 0 0 1 0 0 0
26.40 170.824 0.000168 18.874 1.600 1 0 0 0 1 0 0 0
26.44 168.962 0.000349 30.427 1.601 1 0 0 0 1 0 0 0
26.48 167.101 0.001264 33.435 1.600 1 0 0 0 1 0 0 0
26.52 163.971 0.003958 52.882 2.879 1 0 0 0 1 0 0 0
26.56 186.359 0.023503 64.121 9.016 1 0 0 0 1 0 0 0
26.60 207.079 0.027586 52.669 10.015 1 0 0 0 1 0 0 0
26.64 221.311 0.003687 48.155 8.479 1 0 0 0 1 0 0 0
26.68 220.916 0.017539 60.012 11.640 1 0 0 0 1 0 0 0
26.72 216.148 0.008569 48.404 4.365 1 0 0 0 1 0 0 0
26.76 210.068 0.029215 67.241 10.550 1 0 0 0 1 0 0 0
26.80 225.750 0.038570 54.896 12.959 1 0 0 0 1 0 0 0
26.84 243.154 0.003689 40.600 7.569 1 0 0 0 1 0 0 0
26.88 256.353 0.001078 32.577 3.674 1 0 0 0 1 0 0 0
26.92 278.545 0.002203 48.387 5.254 1 0 0 0 1 0 0 0
26.96 294.384 0.017133 60.308 7.709 1 0 0 0 1 0 0 0
27.00 288.748 0.015970 58.322 9.113 1 0 0 0 1 0 0 0
27.04 286.398 0.032186 64.863 14.439 1 0 0 0 1 0 0 0
27.08 298.000 0.027829 60.552 15.408 1 0 0 0 1 0 0 0
27.12 301.812 0.014974 50.706 9.477 1 0 0 0 1 0 0 0
27.16 300.655 0.002311 27.980 3.588 1 0 0 0 1 0 0 0
27.20 299.777 0.000422 24.961 2.110 1 0 0 0 1 0 0 0
27.24 298.900 0.000303 20.808 1.711 1 0 0 0 1 0 0 0
27.28 298.022 0.000161 15.905 1.628 1 0 0 0 1 0 0 0
27.32 297.145 0.000227 23.192 1.608 1 0 0 0 1 0 0 0
27.36 296.268 0.000268 19.798 1.608 1 0 0 0 1 0 0 0
27.40 295.390 0.000288 22.768 1.611 1 0 0 0 1 0 0 0
27.44 294.513 0.000250 21.428 1.605 1 0 0 0 1 0 0 0
27.48 293.635 0.000207 19.104 1.606 1 0 0 0 1 0 0 0
27.52 292.758 0.000340 25.379 1.604 1 0 0 0 1 0 0 0
27.56 291.881 0.000261 16.850 1.606 1 0 0 0 1 0 0 0
27.60 291.003 0.000175 17.494 1.602 1 0 0 0 1 0 0 0
27.64 290.126 0.000158 18.267 1.601 1 0 0 0 1 0 0 0
27.68 289.248 0.000229 19.338 1.600 1 0 0 0 1 0 0 0
27.72 288.371 0.000195 19.054 1.601 1 0 0 0 1 0 0 0
27.76 287.494 0.000169 16.841 1.603 1 0 0 0 1 0 0 0
27.80 286.616 0.000180 17.914 1.601 1 0 0 0 1 0 0 0
27.84 285.739 0.000173 18.468 1.600 1 0 0 0 1 0 0 0
27.88 284.861 0.000162 16.036 1.600 1 0 0 0 1 0 0 0
27.92 283.984 0.000157 17.921 1.600 1 0 0 0 1 0 0 0
27.96 283.107 0.000164 16.893 1.600 1 0 0 0 1 0 0 0
28.00 282.229 0.000162 15.787 1.601 1 0 0 0 1 0 0 0
28.04 281.352 0.000141 17.035 1.603 1 0 0 0 1 0 0 0
28.08 280.474 0.000702 28.713 1.703 1 0 0 0 1 0 0 0
28.12 279.597 0.000154 14.927 1.625 1 0 0 0 1 0 0 0
28.16 278.720 0.000114 15.025 1.611 1 0 0 0 1 0 0 0
28.20 277.842 0.000135 18.106 1.607 1 0 0 0 1 0 0 0
28.24 276.965 0.000362 29.448 1.759 1 0 0 0 1 0 0 0
28.28 276.087 0.000576 30.432 1.834 1 0 0 0 1 0 0 0
28.32 275.210 0.000334 22.716 1.706 1 0 0 0 1 0 0 0
28.36 274.333 0.000230 24.179 1.739 1 0 0 0 1 0 0 0
28.40 273.455 0.001344 39.246 2.249 1 0 0 0 1 0 0 0
28.44 272.578 0.000480 35.062 2.259 1 0 0 0 1 0 0 0
28.48 271.700 0.004477 45.898 3.695 1 0 0 0 1 0 0 0
28.52 270.823 0.001963 33.881 3.513 1 0 0 0 1 0 0 0
28.56 269.946 0.001154 35.244 3.752 1 0 0 0 1 0 0 0
28.60 269.068 0.001118 38.843 3.416 1 0 0 0 1 0 0 0
28.64 267.593 0.013023 63.174 5.427 1 0 0 0 1 0 0 0
28.68 337.129 0.045286 70.842 16.577 1 0 0 0 1 0 0 0
28.72 337.164 0.092343 70.565 28.844 1 0 0 0 1 0 0 0
28.76 298.823 0.022679 58.036 19.297 1 0 0 0 1 0 0 0
28.80 276.535 0.013582 53.822 15.390 1 0 0 0 1 0 0 0
28.84 259.633 0.011283 54.823 15.021 1 0 0 0 1 0 0 0
28.88 242.730 0.009973 54.912 13.625 1 0 0 0 1 0 0 0
28.92 225.827 0.042121 71.640 21.735 1 0 0 0 1 0 0 0
28.96 197.407 0.065253 67.705 33.165 1 0 0 0 1 0 0 0
29.00 194.361 0.029311 48.869 16.619 1 0 0 0 1 0 0 0
29.04 201.834 0.007055 52.210 13.068 1 0 0 0 1 0 0 0
29.08 211.364 0.009652 55.854 13.678 1 0 0 0 1 0 0 0
29.12 239.080 0.015766 68.918 18.076 1 0 0 0 1 0 0 0
29.16 239.637 0.139428 74.137 43.785 1 0 0 0 1 0 0 0
29.20 229.272 0.049340 56.490 24.907 1 0 0 0 1 0 0 0
29.24 216.054 0.006290 49.950 12.830 1 0 0 0 1 0 0 0
29.28 215.871 0.011897 56.135 13.289 1 0 0 0 1 0 0 0
29.32 222.952 0.009431 56.507 12.570 1 0 0 0 1 0 0 0
29.36 225.414 0.108619 76.909 37.805 1 0 0 0 1 0 0 0
29.40 225.614 0.075970 63.672 34.515 1 0 0 0 1 0 0 0
29.44 225.765 0.009937 40.327 10.635 1 0 0 0 1 0 0 0
29.48 225.916 0.002090 42.622 6.933 1 0 0 0 1 0 0 0
29.52 226.170 0.005681 57.717 7.556 1 0 0 0 1 0 0 0
29.56 243.512 0.108015 78.134 33.072 1 0 0 0 1 0 0 0
29.60 246.530 0.135713 75.967 54.887 1 0 0 0 1 0 0 0
29.64 241.648 0.081290 66.422 40.859 1 0 0 0 1 0 0 0
29.68 237.946 0.006341 40.544 10.579 1 0 0 0 1 0 0 0
29.72 234.244 0.001822 35.138 5.628 1 0 0 0 1 0 0 0
29.76 230.542 0.001222 39.607 4.465 1 0 0 0 1 0 0 0
29.80 224.318 0.037366 74.087 13.760 1 0 0 0 1 0 0 0
29.84 207.459 0.146294 75.592 41.270 1 0 0 0 1 0 0 0
29.88 207.546 0.088280 65.286 36.692 1 0 0 0 1 0 0 0
29.92 214.189 0.002818 34.767 8.042 1 0 0 0 1 0 0 0
29.96 219.228 0.001239 35.504 4.891 1 0 0 0 1 0 0 0
30.00 224.266 0.001166 39.719 4.121 1 0 0 0 1 0 0 0
30.04 232.737 0.041848 73.061 16.386 1 0 0 0 1 0 0 0
30.08 269.915 0.117167 75.763 40.837 1 0 0 0 1 0 0 0
30.12 327.953 0.122899 73.202 58.781 1 0 0 0 1 0 0 0
30.16 323.815 0.060249 40.305 14.468 1 0 0 0 1 0 0 0
30.20 300.742 0.001792 34.400 5.553 1 0 0 0 1 0 0 0
30.24 283.243 0.000677 32.675 3.492 1 0 0 0 1 0 0 0
30.28 253.821 0.000721 55.225 4.418 1 0 0 0 1 0 0 0
30.32 272.719 0.058316 74.016 21.399 1 0 0 0 1 0 0 0
30.36 280.574 0.115208 69.882 42.950 1 0 0 0 1 0 0 0
30.40 274.581 0.011686 36.306 9.789 1 0 0 0 1 0 0 0
30.44 270.037 0.001699 32.127 4.284 1 0 0 0 1 0 0 0
30.48 265.492 0.000618 31.478 2.966 1 0 0 0 1 0 0 0
30.52 257.850 0.012210 63.867 6.049 1 0 0 0 1 0 0 0
30.56 261.866 0.045265 70.251 20.343 1 0 0 0 1 0 0 0
30.60 261.422 0.105346 70.984 42.993 1 0 0 0 1 0 0 0
30.64 257.867 0.025474 34.768 10.932 1 0 0 0 1 0 0 0
30.68 255.170 0.000765 27.104 3.866 1 0 0 0 1 0 0 0
30.72 252.474 0.000512 30.505 2.356 1 0 0 0 1 0 0 0
30.76 247.940 0.007499 58.733 4.638 1 0 0 0 1 0 0 0
30.80 253.123 0.028430 66.768 14.984 1 0 0 0 1 0 0 0
30.84 248.244 0.065263 67.956 32.652 1 0 0 0 1 0 0 0
30.88 241.235 0.025936 34.130 9.778 1 0 0 0 1 0 0 0
30.92 238.121 0.000696 24.804 3.542 1 0 0 0 1 0 0 0
30.96 235.759 0.000279 22.773 2.082 1 0 0 0 1 0 0 0
31.00 231.788 0.003690 53.791 3.497 1 0 0 0 1 0 0 0
31.04 234.928 0.020761 64.740 10.685 1 0 0 0 1 0 0 0
31.08 228.475 0.046723 65.762 23.904 1 0 0 0 1 0 0 0
31.12 209.810 0.021043 35.678 8.439 1 0 0 0 1 0 0 0
31.16 195.653 0.000705 28.367 3.018 1 0 0 0 1 0 0 0
31.20 184.917 0.000523 31.217 1.991 1 0 0 0 1 0 0 0
31.24 166.864 0.007219 57.069 4.112 1 0 0 0 1 0 0 0
31.28 207.317 0.013558 59.605 9.265 1 0 0 0 1 0 0 0
31.32 253.336 0.032664 61.659 18.202 1 0 0 0 1 0 0 0
31.36 276.468 0.003798 31.819 4.933 1 0 0 0 1 0 0 0
31.40 294.010 0.000764 25.581 2.226 1 0 0 0 1 0 0 0
31.44 311.552 0.000404 29.546 1.752 1 0 0 0 1 0 0 0
31.48 329.094 0.001598 28.086 1.707 1 0 0 0 1 0 0 0
31.52 346.636 0.000480 30.113 1.722 1 0 0 0 1 0 0 0
31.56 364.179 0.000834 29.977 1.691 1 0 0 0 1 0 0 0
31.60 381.721 0.002488 38.562 1.890 1 0 0 0 1 0 0 0
31.64 399.263 0.003597 43.987 2.795 1 0 0 0 1 0 0 0
31.68 416.805 0.000867 32.566 2.368 1 0 0 0 1 0 0 0
31.72 434.348 0.012387 59.612 8.260 1 0 0 0 1 0 0 0
31.76 463.843 0.018264 57.051 13.930 1 0 0 0 1 0 0 0
31.80 402.286 0.012219 54.903 13.602 1 0 0 0 1 0 0 0
31.84 295.544 0.009542 56.384 13.169 1 0 0 0 1 0 0 0
31.88 363.974 0.023102 64.691 16.980 1 0 0 0 1 0 0 0
31.92 445.207 0.039622 63.318 20.790 1 0 0 0 1 0 0 0
31.96 408.529 0.016082 55.564 14.333 1 0 0 0 1 0 0 0
32.00 357.960 0.009092 31.277 4.941 1 0 0 0 1 0 0 0
32.04 319.609 0.000549 29.332 2.722 1 0 0 0 1 0 0 0
32.08 281.258 0.000642 31.843 2.606 1 0 0 0 1 0 0 0
32.12 216.775 0.006886 62.056 5.382 1 0 0 0 1 0 0 0
32.16 181.244 0.067611 71.713 21.727 1 0 0 0 1 0 0 0
32.20 176.966 0.052040 55.437 19.379 1 0 0 0 1 0 0 0
32.24 177.846 0.002666 36.739 6.047 1 0 0 0 1 0 0 0
32.28 178.513 0.000793 28.445 3.467 1 0 0 0 1 0 0 0
32.32 179.180 0.000523 32.220 2.704 1 0 0 0 1 0 0 0
32.36 180.302 0.023204 69.140 10.192 1 0 0 0 1 0 0 0
32.40 174.058 0.075426 69.954 30.402 1 0 0 0 1 0 0 0
32.44 168.177 0.047705 46.005 14.830 1 0 0 0 1 0 0 0
32.48 165.503 0.001534 31.759 5.106 1 0 0 0 1 0 0 0
32.52 163.475 0.000779 31.494 3.292 1 0 0 0 1 0 0 0
32.56 160.066 0.001510 52.913 3.480 1 0 0 0 1 0 0 0
32.60 167.624 0.045113 66.567 15.608 1 0 0 0 1 0 0 0
32.64 176.187 0.022694 36.215 6.376 1 0 0 0 1 0 0 0
32.68 182.681 0.000709 33.928 3.153 1 0 0 0 1 0 0 0
32.72 189.175 0.005574 53.489 6.221 1 0 0 0 1 0 0 0
32.76 200.093 0.010630 56.286 10.098 1 0 0 0 1 0 0 0
32.80 212.255 0.014310 58.792 13.268 1 0 0 0 1 0 0 0
32.84 211.605 0.020593 62.503 16.548 1 0 0 0 1 0 0 0
32.88 197.526 0.038535 67.752 22.704 1 0 0 0 1 0 0 0
32.92 176.049 0.051407 68.370 25.483 1 0 0 0 1 0 0 0
32.96 157.931 0.051457 66.407 23.700 1 0 0 0 1 0 0 0
33.00 165.765 0.023781 60.518 11.282 1 0 0 0 1 0 0 0
33.04 187.027 0.080173 74.795 27.479 1 0 0 0 1 0 0 0
33.08 208.326 0.101691 69.132 36.649 1 0 0 0 1 0 0 0
33.12 228.321 0.036448 62.484 26.625 1 0 0 0 1 0 0 0
33.16 241.259 0.029457 61.056 17.537 1 0 0 0 1 0 0 0
33.20 251.071 0.010692 54.251 14.882 1 0 0 0 1 0 0 0
33.24 267.569 0.028603 66.344 19.294 1 0 0 0 1 0 0 0
33.28 270.194 0.044764 64.217 23.279 1 0 0 0 1 0 0 0
33.32 261.890 0.021438 62.342 19.355 1 0 0 0 1 0 0 0
33.36 244.874 0.075928 76.132 31.120 1 0 0 0 1 0 0 0
33.40 228.760 0.138431 76.176 42.170 1 0 0 0 1 0 0 0
33.44 220.925 0.116995 75.196 41.151 1 0 0 0 1 0 0 0
33.48 216.168 0.113141 74.263 40.732 1 0 0 0 1 0 0 0
33.52 212.196 0.095264 71.179 35.234 1 0 0 0 1 0 0 0
33.56 210.837 0.051898 60.385 22.818 1 0 0 0 1 0 0 0
33.60 224.311 0.020815 61.093 19.006 1 0 0 0 1 0 0 0
33.64 240.801 0.031249 64.146 21.383 1 0 0 0 1 0 0 0
33.68 230.784 0.025142 57.079 16.516 1 0 0 0 1 0 0 0
33.72 216.502 0.009239 51.017 11.649 1 0 0 0 1 0 0 0
33.76 205.671 0.008580 56.610 11.314 1 0 0 0 1 0 0 0
33.80 187.460 0.072592 74.320 24.849 1 0 0 0 1 0 0 0
33.84 179.208 0.075653 62.637 24.221 1 0 0 0 1 0 0 0
33.88 177.901 0.004439 46.133 7.375 1 0 0 0 1 0 0 0
33.92 176.235 0.023339 66.976 11.517 1 0 0 0 1 0 0 0
33.96 178.646 0.043505 62.551 17.616 1 0 0 0 1 0 0 0
34.00 181.589 0.014511 41.872 5.375 1 0 0 0 1 0 0 0
34.04 185.342 0.007847 58.995 6.718 1 0 0 0 1 0 0 0
34.08 186.283 0.040170 68.329 14.258 1 0 0 0 1 0 0 0
34.12 181.278 0.051476 66.944 19.921 1 0 0 0 1 0 0 0
34.16 167.182 0.034435 63.451 18.458 1 0 0 0 1 0 0 0
34.20 147.065 0.032042 64.836 18.411 1 0 0 0 1 0 0 0
34.24 141.262 0.029149 57.842 16.501 1 0 0 0 1 0 0 0
34.28 142.238 0.009795 45.480 8.642 1 0 0 0 1 0 0 0
34.32 142.979 0.001597 25.719 2.640 1 0 0 0 1 0 0 0
34.36 143.719 0.000179 17.609 1.804 1 0 0 0 1 0 0 0
34.40 144.460 0.000164 17.630 1.650 1 0 0 0 1 0 0 0
34.44 145.200 0.000261 20.823 1.629 1 0 0 0 1 0 0 0
34.48 145.941 0.000167 18.626 1.656 1 0 0 0 1 0 0 0
34.52 146.681 0.000171 18.026 1.676 1 0 0 0 1 0 0 0
34.56 147.422 0.000197 21.077 1.691 1 0 0 0 1 0 0 0
34.60 148.162 0.000221 21.493 1.720 1 0 0 0 1 0 0 0
34.64 148.903 0.000264 20.739 1.730 1 0 0 0 1 0 0 0
34.68 149.643 0.000186 17.282 1.699 1 0 0 0 1 0 0 0
34.72 150.384 0.000156 16.195 1.668 1 0 0 0 1 0 0 0
34.76 151.124 0.000138 15.598 1.628 1 0 0 0 1 0 0 0
34.80 151.865 0.000148 17.262 1.610 1 0 0 0 1 0 0 0
34.84 152.605 0.000153 17.348 1.608 1 0 0 0 1 0 0 0
34.88 153.346 0.000125 15.167 1.606 1 0 0 0 1 0 0 0
34.92 154.086 0.000134 16.379 1.603 1 0 0 0 1 0 0 0
34.96 154.827 0.000123 15.381 1.602 1 0 0 0 1 0 0 0
35.00 155.567 0.000127 16.298 1.600 1 0 0 0 1 0 0 0
35.04 156.308 0.000147 18.245 1.600 1 0 0 0 1 0 0 0
35.08 157.048 0.000133 16.853 1.600 1 0 0 0 1 0 0 0
35.12 157.788 0.000131 16.583 1.600 1 0 0 0 1 0 0 0
35.16 158.529 0.000174 20.340 1.602 1 0 0 0 1 0 0 0
35.20 159.269 0.000278 23.159 1.606 1 0 0 0 1 0 0 0
35.24 160.010 0.000181 18.489 1.619 1 0 0 0 1 0 0 0
35.28 160.750 0.000348 28.397 1.654 1 0 0 0 1 0 0 0
35.32 161.491 0.000294 22.698 1.785 1 0 0 0 1 0 0 0
35.36 162.231 0.000151 14.778 1.665 1 0 0 0 1 0 0 0
35.40 162.972 0.000107 14.862 1.616 1 0 0 0 1 0 0 0
35.44 163.712 0.000168 17.159 1.604 1 0 0 0 1 0 0 0
35.48 164.453 0.000108 14.549 1.602 1 0 0 0 1 0 0 0
35.52 165.193 0.000105 12.801 1.601 1 0 0 0 1 0 0 0
35.56 165.934 0.000094 17.092 1.602 1 0 0 0 1 0 0 0
35.60 166.674 0.000683 36.923 1.671 1 0 0 0 1 0 0 0
35.64 167.919 0.002222 47.409 2.344 1 0 0 0 1 0 0 0
35.68 186.933 0.017473 60.931 6.169 1 0 0 0 1 0 0 0
35.72 204.874 0.009196 54.823 9.193 1 0 0 0 1 0 0 0
35.76 218.480 0.013598 53.875 10.278 1 0 0 0 1 0 0 0
35.80 241.357 0.053407 73.995 19.610 1 0 0 0 1 0 0 0
35.84 271.529 0.104018 73.066 33.407 1 0 0 0 1 0 0 0
35.88 368.949 0.055151 63.221 25.426 1 0 0 0 1 0 0 0
35.92 412.568 0.014955 51.192 13.035 1 0 0 0 1 0 0 0
35.96 324.810 0.029842 65.834 17.218 1 0 0 0 1 0 0 0
36.00 257.571 0.036452 65.902 22.244 1 0 0 0 1 0 0 0
36.04 234.445 0.042439 65.314 25.690 1 0 0 0 1 0 0 0
36.08 221.513 0.026976 56.655 18.529 1 0 0 0 1 0 0 0
36.12 210.189 0.012416 63.011 14.723 1 0 0 0 1 0 0 0
36.16 197.178 0.127804 78.108 29.779 1 0 0 0 1 0 0 0
36.20 189.417 0.151075 77.094 38.765 1 0 0 0 1 0 0 0
36.24 190.629 0.100419 71.982 34.123 1 0 0 0 1 0 0 0
36.28 190.878 0.075721 70.404 31.241 1 0 0 0 1 0 0 0
36.32 186.713 0.074203 69.651 28.665 1 0 0 0 1 0 0 0
36.36 187.488 0.033342 57.255 18.322 1 0 0 0 1 0 0 0
36.40 197.376 0.013476 56.438 15.087 1 0 0 0 1 0 0 0
36.44 201.684 0.013109 54.328 11.526 1 0 0 0 1 0 0 0
36.48 201.907 0.006997 46.186 8.367 1 0 0 0 1 0 0 0
36.52 202.075 0.008234 50.681 8.073 1 0 0 0 1 0 0 0
36.56 202.244 0.003973 45.912 7.049 1 0 0 0 1 0 0 0
36.60 202.413 0.002990 40.654 6.136 1 0 0 0 1 0 0 0
36.64 202.582 0.003657 40.936 5.504 1 0 0 0 1 0 0 0
36.68 202.750 0.001565 36.018 3.600 1 0 0 0 1 0 0 0
36.72 202.919 0.001066 32.921 2.501 1 0 0 0 1 0 0 0
36.76 203.088 0.000406 33.470 1.871 1 0 0 0 1 0 0 0
36.80 203.257 0.001642 27.026 1.699 1 0 0 0 1 0 0 0
36.84 203.426 0.000337 21.400 1.625 1 0 0 0 1 0 0 0
36.88 203.594 0.000227 18.608 1.607 1 0 0 0 1 0 0 0
36.92 203.763 0.000179 18.302 1.602 1 0 0 0 1 0 0 0
36.96 203.932 0.000223 19.134 1.601 1 0 0 0 1 0 0 0
37.00 204.101 0.000206 18.008 1.600 1 0 0 0 1 0 0 0
37.04 204.269 0.000222 20.598 1.600 1 0 0 0 1 0 0 0
37.08 204.438 0.000218 18.195 1.601 1 0 0 0 1 0 0 0
37.12 204.607 0.000155 18.330 1.619 1 0 0 0 1 0 0 0
37.16 204.776 0.000186 16.356 1.610 1 0 0 0 1 0 0 0
37.20 204.944 0.000134 15.915 1.603 1 0 0 0 1 0 0 0
37.24 205.113 0.000142 15.729 1.603 1 0 0 0 1 0 0 0
37.28 205.282 0.000117 15.438 1.602 1 0 0 0 1 0 0 0
37.32 205.451 0.000114 16.781 1.615 1 0 0 0 1 0 0 0
37.36 205.619 0.000190 21.276 1.608 1 0 0 0 1 0 0 0
37.40 205.788 0.000150 14.762 1.604 1 0 0 0 1 0 0 0
37.44 205.957 0.000109 14.800 1.601 1 0 0 0 1 0 0 0
37.48 206.126 0.000100 13.714 1.600 1 0 0 0 1 0 0 0
37.52 206.294 0.000111 13.917 1.600 1 0 0 0 1 0 0 0
37.56 206.463 0.000130 14.749 1.600 1 0 0 0 1 0 0 0
37.60 206.632 0.000106 14.733 1.600 1 0 0 0 1 0 0 0
37.64 206.801 0.000172 20.913 1.606 1 0 0 0 1 0 0 0
37.68 206.969 0.000210 20.545 1.757 1 0 0 0 1 0 0 0
37.72 207.138 0.000167 18.956 1.707 1 0 0 0 1 0 0 0
37.76 207.307 0.000227 21.875 1.790 1 0 0 0 1 0 0 0
37.80 207.476 0.000286 21.764 1.851 1 0 0 0 1 0 0 0
37.84 207.645 0.000173 15.929 1.701 1 0 0 0 1 0 0 0
37.88 207.813 0.000119 16.467 1.623 1 0 0 0 1 0 0 0
37.92 207.982 0.000173 16.793 1.606 1 0 0 0 1 0 0 0
37.96 208.151 0.000120 16.732 1.602 1 0 0 0 1 0 0 0
38.00 208.320 0.000242 21.486 1.610 1 0 0 0 1 0 0 0
38.04 208.488 0.000167 17.988 1.618 1 0 0 0 1 0 0 0
38.08 208.657 0.000159 18.874 1.656 1 0 0 0 1 0 0 0
38.12 208.826 0.000204 21.091 1.711 1 0 0 0 1 0 0 0
38.16 208.995 0.000213 27.692 1.674 1 0 0 0 1 0 0 0
38.20 209.163 0.005420 52.566 3.469 1 0 0 0 1 0 0 0
38.24 209.447 0.011998 59.999 7.891 1 0 0 0 1 0 0 0
38.28 250.926 0.046133 70.290 20.613 1 0 0 0 1 0 0 0
38.32 290.955 0.059557 65.310 28.354 1 0 0 0 1 0 0 0
38.36 341.999 0.017519 54.219 17.552 1 0 0 0 1 0 0 0
38.40 334.473 0.011599 52.728 14.370 1 0 0 0 1 0 0 0
38.44 308.476 0.006921 51.317 11.641 1 0 0 0 1 0 0 0
38.48 275.325 0.014354 64.045 14.770 1 0 0 0 1 0 0 0
38.52 260.690 0.074942 68.592 30.032 1 0 0 0 1 0 0 0
38.56 258.686 0.040714 52.976 19.382 1 0 0 0 1 0 0 0
38.60 257.165 0.008467 51.504 13.390 1 0 0 0 1 0 0 0
38.64 255.645 0.007662 54.092 12.096 1 0 0 0 1 0 0 0
38.68 253.089 0.044362 73.001 20.589 1 0 0 0 1 0 0 0
38.72 243.842 0.118918 69.959 42.270 1 0 0 0 1 0 0 0
38.76 235.832 0.036765 45.272 16.113 1 0 0 0 1 0 0 0
38.80 229.758 0.002989 41.339 8.391 1 0 0 0 1 0 0 0
38.84 223.684 0.002532 44.159 6.938 1 0 0 0 1 0 0 0
38.88 217.609 0.014996 66.178 12.225 1 0 0 0 1 0 0 0
38.92 211.535 0.065949 64.935 26.313 1 0 0 0 1 0 0 0
38.96 205.461 0.009837 38.268 9.365 1 0 0 0 1 0 0 0
39.00 199.387 0.001348 36.281 5.585 1 0 0 0 1 0 0 0
39.04 189.173 0.002478 49.616 4.393 1 0 0 0 1 0 0 0
39.08 160.770 0.053660 71.956 19.480 1 0 0 0 1 0 0 0
39.12 157.449 0.034847 57.276 20.342 1 0 0 0 1 0 0 0
39.16 165.334 0.007551 34.541 7.404 1 0 0 0 1 0 0 0
39.20 171.314 0.001149 35.777 4.797 1 0 0 0 1 0 0 0
39.24 181.369 0.001069 51.169 5.105 1 0 0 0 1 0 0 0
39.28 191.755 0.067895 74.680 24.792 1 0 0 0 1 0 0 0
39.32 191.273 0.087304 68.568 39.435 1 0 0 0 1 0 0 0
39.36 187.833 0.021390 42.376 13.350 1 0 0 0 1 0 0 0
39.40 185.224 0.001699 36.583 5.529 1 0 0 0 1 0 0 0
39.44 182.615 0.000878 33.612 3.664 1 0 0 0 1 0 0 0
39.48 178.229 0.007089 63.040 6.357 1 0 0 0 1 0 0 0
39.52 171.341 0.063812 69.325 25.414 1 0 0 0 1 0 0 0
39.56 170.027 0.038581 45.081 13.580 1 0 0 0 1 0 0 0
39.60 171.120 0.001440 32.431 4.951 1 0 0 0 1 0 0 0
39.64 171.949 0.000624 28.983 3.334 1 0 0 0 1 0 0 0
39.68 172.778 0.000942 34.427 2.476 1 0 0 0 1 0 0 0
39.72 174.172 0.014666 64.410 6.976 1 0 0 0 1 0 0 0
39.76 175.533 0.046619 61.659 18.808 1 0 0 0 1 0 0 0
39.80 176.338 0.008402 32.970 6.792 1 0 0 0 1 0 0 0
39.84 176.949 0.000610 27.371 3.368 1 0 0 0 1 0 0 0
39.88 177.560 0.001079 38.729 2.511 1 0 0 0 1 0 0 0
39.92 178.587 0.001092 46.557 3.063 1 0 0 0 1 0 0 0
39.96 187.266 0.023370 64.711 12.249 1 0 0 0 1 0 0 0
40.00 194.761 0.032617 58.049 19.460 1 0 0 0 1 0 0 0
40.04 198.263 0.004975 32.698 5.410 1 0 0 0 1 0 0 0
40.08 200.919 0.001098 36.624 2.812 1 0 0 0 1 0 0 0
40.12 203.574 0.001446 36.148 2.084 1 0 0 0 1 0 0 0
40.16 208.040 0.001577 49.518 2.844 1 0 0 0 1 0 0 0
40.20 212.828 0.025479 63.643 11.396 1 0 0 0 1 0 0 0
40.24 214.772 0.021479 43.817 9.416 1 0 0 0 1 0 0 0
40.28 215.252 0.000794 26.673 3.367 1 0 0 0 1 0 0 0
40.32 215.617 0.000340 27.873 2.012 1 0 0 0 1 0 0 0
40.36 216.229 0.002962 51.485 3.207 1 0 0 0 1 0 0 0
40.40 226.695 0.017491 61.795 9.822 1 0 0 0 1 0 0 0
40.44 230.575 0.030958 59.485 18.564 1 0 0 0 1 0 0 0
40.48 229.699 0.007210 29.978 6.080 1 0 0 0 1 0 0 0
40.52 229.034 0.000419 20.866 2.574 1 0 0 0 1 0 0 0
40.56 228.370 0.000238 22.870 1.801 1 0 0 0 1 0 0 0
40.60 227.706 0.001438 46.232 2.521 1 0 0 0 1 0 0 0
40.64 226.589 0.009308 57.740 6.616 1 0 0 0 1 0 0 0
40.68 223.405 0.022079 56.530 12.555 1 0 0 0 1 0 0 0
40.72 220.734 0.001510 28.074 4.142 1 0 0 0 1 0 0 0
40.76 218.709 0.000333 23.712 2.076 1 0 0 0 1 0 0 0
40.80 216.684 0.000341 24.980 1.725 1 0 0 0 1 0 0 0
40.84 214.658 0.000617 27.832 1.710 1 0 0 0 1 0 0 0
40.88 212.633 0.000384 27.456 1.732 1 0 0 0 1 0 0 0
40.92 210.608 0.001897 38.134 2.119 1 0 0 0 1 0 0 0
40.96 208.582 0.000728 32.701 2.210 1 0 0 0 1 0 0 0
41.00 206.557 0.002915 45.202 3.640 1 0 0 0 1 0 0 0
41.04 204.531 0.000594 28.622 2.360 1 0 0 0 1 0 0 0
41.08 202.506 0.000550 38.654 2.442 1 0 0 0 1 0 0 0
41.12 200.481 0.008612 55.143 6.735 1 0 0 0 1 0 0 0
41.16 198.455 0.010975 54.197 9.420 1 0 0 0 1 0 0 0
41.20 196.430 0.007024 49.533 8.922 1 0 0 0 1 0 0 0
41.24 194.405 0.006575 49.910 8.978 1 0 0 0 1 0 0 0
41.28 192.379 0.004763 44.952 7.692 1 0 0 0 1 0 0 0
41.32 190.354 0.003545 43.216 6.118 1 0 0 0 1 0 0 0
41.36 188.328 0.003255 43.121 5.565 1 0 0 0 1 0 0 0
41.40 186.303 0.003254 43.285 5.018 1 0 0 0 1 0 0 0
41.44 184.278 0.002078 40.250 4.552 1 0 0 0 1 0 0 0
41.48 182.252 0.002430 41.305 4.235 1 0 0 0 1 0 0 0
41.52 180.227 0.001972 38.058 3.689 1 0 0 0 1 0 0 0
41.56 178.202 0.001337 34.477 2.901 1 0 0 0 1 0 0 0
41.60 176.176 0.000711 30.547 2.436 1 0 0 0 1 0 0 0
41.64 174.151 0.000800 33.699 2.458 1 0 0 0 1 0 0 0
41.68 170.745 0.006421 57.374 4.296 1 0 0 0 1 0 0 0
41.72 167.608 0.022293 62.531 9.336 1 0 0 0 1 0 0 0
41.76 165.582 0.025639 61.872 13.501 1 0 0 0 1 0 0 0
41.80 163.059 0.025152 61.921 15.326 1 0 0 0 1 0 0 0
41.84 159.505 0.025440 61.895 16.082 1 0 0 0 1 0 0 0
41.88 155.464 0.023445 60.304 15.868 1 0 0 0 1 0 0 0
41.92 150.227 0.017751 58.107 13.902 1 0 0 0 1 0 0 0
41.96 147.753 0.016391 56.764 11.239 1 0 0 0 1 0 0 0
42.00 154.330 0.008376 44.807 6.621 1 0 0 0 1 0 0 0
42.04 160.984 0.001827 32.635 2.556 1 0 0 0 1 0 0 0
42.08 166.030 0.000714 35.267 2.170 1 0 0 0 1 0 0 0
42.12 171.076 0.002525 46.085 3.605 1 0 0 0 1 0 0 0
42.16 176.122 0.003995 46.260 4.619 1 0 0 0 1 0 0 0
42.20 181.168 0.005049 49.524 5.494 1 0 0 0 1 0 0 0
42.24 186.214 0.007434 53.715 6.825 1 0 0 0 1 0 0 0
42.28 191.260 0.007695 46.578 5.583 1 0 0 0 1 0 0 0
42.32 196.306 0.003541 38.144 3.243 1 0 0 0 1 0 0 0
42.36 201.352 0.000274 21.824 2.045 1 0 0 0 1 0 0 0
42.40 206.398 0.000398 31.703 2.244 1 0 0 0 1 0 0 0
42.44 214.883 0.001962 44.864 4.588 1 0 0 0 1 0 0 0
42.48 213.409 0.015820 62.366 9.992 1 0 0 0 1 0 0 0
42.52 212.724 0.035510 66.787 17.469 1 0 0 0 1 0 0 0
42.56 217.507 0.043866 64.013 20.725 1 0 0 0 1 0 0 0
42.60 223.731 0.015853 47.884 9.408 1 0 0 0 1 0 0 0
42.64 227.909 0.004118 45.685 4.735 1 0 0 0 1 0 0 0
42.68 233.236 0.007831 59.920 6.705 1 0 0 0 1 0 0 0
42.72 236.036 0.039252 65.009 15.571 1 0 0 0 1 0 0 0
42.76 240.335 0.029684 60.803 17.615 1 0 0 0 1 0 0 0
42.80 240.062 0.014847 52.262 11.493 1 0 0 0 1 0 0 0
42.84 238.017 0.004700 41.787 6.546 1 0 0 0 1 0 0 0
42.88 236.466 0.001690 28.887 2.827 1 0 0 0 1 0 0 0
42.92 234.915 0.000209 17.401 1.850 1 0 0 0 1 0 0 0
42.96 233.365 0.000252 25.628 1.863 1 0 0 0 1 0 0 0
43.00 231.814 0.000461 26.207 2.047 1 0 0 0 1 0 0 0
43.04 230.263 0.000413 24.279 1.989 1 0 0 0 1 0 0 0
43.08 228.713 0.000254 23.255 1.939 1 0 0 0 1 0 0 0
43.12 227.162 0.000391 27.498 2.013 1 0 0 0 1 0 0 0
43.16 225.611 0.000448 28.341 2.073 1 0 0 0 1 0 0 0
43.20 224.061 0.000590 30.847 2.115 1 0 0 0 1 0 0 0
43.24 222.510 0.000564 29.584 2.136 1 0 0 0 1 0 0 0
43.28 220.959 0.000671 34.163 2.055 1 0 0 0 1 0 0 0
43.32 219.409 0.002262 38.718 2.180 1 0 0 0 1 0 0 0
43.36 217.858 0.000804 18.486 1.739 1 0 0 0 1 0 0 0
43.40 216.307 0.000150 17.355 1.636 1 0 0 0 1 0 0 0
43.44 214.757 0.000134 16.957 1.610 1 0 0 0 1 0 0 0
43.48 213.206 0.000122 15.121 1.603 1 0 0 0 1 0 0 0
43.52 211.655 0.000125 14.973 1.601 1 0 0 0 1 0 0 0
43.56 210.104 0.000117 16.339 1.603 1 0 0 0 1 0 0 0
43.60 208.554 0.000167 16.480 1.601 1 0 0 0 1 0 0 0
43.64 207.003 0.000180 19.002 1.600 1 0 0 0 1 0 0 0
43.68 205.452 0.000151 16.404 1.600 1 0 0 0 1 0 0 0
43.72 203.902 0.000132 17.783 1.601 1 0 0 0 1 0 0 0
43.76 202.351 0.000324 28.539 1.817 1 0 0 0 1 0 0 0
43.80 200.800 0.000538 31.317 2.165 1 0 0 0 1 0 0 0
43.84 199.250 0.001038 32.706 2.532 1 0 0 0 1 0 0 0
43.88 197.699 0.000841 32.499 2.733 1 0 0 0 1 0 0 0
43.92 196.148 0.000807 31.738 2.486 1 0 0 0 1 0 0 0
43.96 194.598 0.000850 32.986 2.162 1 0 0 0 1 0 0 0
44.00 193.047 0.000706 31.040 1.989 1 0 0 0 1 0 0 0
44.04 191.496 0.001377 30.459 1.811 1 0 0 0 1 0 0 0
44.08 189.946 0.000922 33.041 1.671 1 0 0 0 1 0 0 0
44.12 188.395 0.000980 35.451 1.950 1 0 0 0 1 0 0 0
44.16 186.844 0.000812 27.939 1.845 1 0 0 0 1 0 0 0
44.20 185.293 0.000596 29.994 1.680 1 0 0 0 1 0 0 0
44.24 183.743 0.000456 25.858 1.622 1 0 0 0 1 0 0 0
44.28 182.192 0.000524 24.094 1.607 1 0 0 0 1 0 0 0
44.32 180.641 0.000211 22.700 1.689 1 0 0 0 1 0 0 0
44.36 179.091 0.000435 27.519 2.158 1 0 0 0 1 0 0 0
44.40 177.540 0.000485 19.686 1.894 1 0 0 0 1 0 0 0
44.44 175.989 0.000163 20.018 1.668 1 0 0 0 1 0 0 0
44.48 174.439 0.000697 35.047 1.625 1 0 0 0 1 0 0 0
44.52 172.888 0.000614 32.215 1.628 1 0 0 0 1 0 0 0
44.56 171.337 0.000607 31.839 1.659 1 0 0 0 1 0 0 0
44.60 169.787 0.000817 35.262 1.825 1 0 0 0 1 0 0 0
44.64 168.236 0.001430 41.294 3.327 1 0 0 0 1 0 0 0
44.68 165.629 0.008644 58.020 5.660 1 0 0 0 1 0 0 0
44.72 166.722 0.016944 53.062 7.033 1 0 0 0 1 0 0 0
44.76 168.736 0.002555 36.891 2.946 1 0 0 0 1 0 0 0
44.80 170.263 0.000881 30.600 1.885 1 0 0 0 1 0 0 0
44.84 171.790 0.000517 25.977 1.954 1 0 0 0 1 0 0 0
44.88 173.318 0.000268 21.404 1.788 1 0 0 0 1 0 0 0
44.92 174.845 0.001915 43.989 2.551 1 0 0 0 1 0 0 0
44.96 176.372 0.001997 44.643 4.143 1 0 0 0 1 0 0 0
45.00 178.940 0.021312 63.453 8.845 1 0 0 0 1 0 0 0
45.04 190.538 0.014276 51.206 8.395 1 0 0 0 1 0 0 0
45.08 200.818 0.006382 42.338 5.016 1 0 0 0 1 0 0 0
45.12 208.614 0.002466 42.049 3.673 1 0 0 0 1 0 0 0
45.16 221.723 0.004980 53.924 5.202 1 0 0 0 1 0 0 0
45.20 223.198 0.018543 61.150 8.879 1 0 0 0 1 0 0 0
45.24 212.455 0.019521 48.942 8.042 1 0 0 0 1 0 0 0
45.28 203.640 0.003083 35.656 3.601 1 0 0 0 1 0 0 0
45.32 196.955 0.000715 33.554 2.613 1 0 0 0 1 0 0 0
45.36 185.715 0.004108 53.031 4.276 1 0 0 0 1 0 0 0
45.40 189.535 0.012509 54.978 5.724 1 0 0 0 1 0 0 0
45.44 197.353 0.007342 47.647 4.965 1 0 0 0 1 0 0 0
45.48 203.282 0.003248 37.562 3.936 1 0 0 0 1 0 0 0
45.52 209.211 0.001560 39.929 4.713 1 0 0 0 1 0 0 0
45.56 215.140 0.007635 54.848 5.876 1 0 0 0 1 0 0 0
45.60 221.069 0.007858 45.293 5.584 1 0 0 0 1 0 0 0
45.64 226.998 0.002132 39.210 4.784 1 0 0 0 1 0 0 0
45.68 232.927 0.004485 51.154 5.179 1 0 0 0 1 0 0 0
45.72 242.896 0.009556 58.057 6.386 1 0 0 0 1 0 0 0
45.76 251.826 0.021359 57.773 9.091 1 0 0 0 1 0 0 0
45.80 256.812 0.009193 45.559 5.214 1 0 0 0 1 0 0 0
45.84 260.593 0.003061 48.246 3.794 1 0 0 0 1 0 0 0
45.88 264.374 0.007870 52.575 4.747 1 0 0 0 1 0 0 0
45.92 268.154 0.007041 48.387 4.781 1 0 0 0 1 0 0 0
45.96 271.935 0.003887 46.487 3.700 1 0 0 0 1 0 0 0
46.00 275.716 0.007730 53.987 5.258 1 0 0 0 1 0 0 0
46.04 282.073 0.009209 53.595 6.956 1 0 0 0 1 0 0 0
46.08 267.722 0.012030 56.951 8.830 1 0 0 0 1 0 0 0
46.12 238.091 0.012545 55.316 9.328 1 0 0 0 1 0 0 0
46.16 0 0.011987 52.866 8.257 1 0 0 0 1 0 0 0
46.20 0 0.005964 46.382 6.100 1 0 0 0 1 0 0 0
46.24 0 0.003141 38.305 4.053 1 0 0 0 1 0 0 0
46.28 0 0.000776 26.742 2.184 1 0 0 0 1 0 0 0
46.32 0 0.000362 19.844 1.720 1 0 0 0 1 0 0 0
46.36 0 0.000175 19.261 1.631 1 0 0 0 1 0 0 0
46.40 0 0.000183 19.108 1.608 1 0 0 0 1 0 0 0
46.44 0 0.000218 20.995 1.602 1 0 0 0 1 0 0 0
46.48 0 0.000210 20.604 1.601 1 0 0 0 1 0 0 0
46.52 0 0.000286 23.483 1.665 1 0 0 0 1 0 0 0
46.56 0 0.000247 22.927 1.619 1 0 0 0 1 0 0 0
46.60 0 0.000339 25.355 1.605 1 0 0 0 1 0 0 0
46.64 0 0.000312 22.930 1.602 1 0 0 0 1 0 0 0
46.68 0 0.000688 25.552 1.616 1 0 0 0 1 0 0 0
46.72 0 0.000937 28.257 1.658 1 0 0 0 1 0 0 0
46.76 0 0.000924 35.929 1.624 1 0 0 0 1 0 0 0
46.80 0 0.000950 32.892 1.670 1 0 0 0 1 0 0 0
46.84 0 0.001350 37.842 1.766 1 0 0 0 1 0 0 0
46.88 0 0.001650 34.862 1.888 1 0 0 0 1 0 0 0
46.92 0 0.000344 24.304 1.662 1 0 0 0 1 0 0 0
46.96 0 0.001090 37.387 1.886 1 0 0 0 1 0 0 0
47.00 0 0.000658 23.747 1.805 1 0 0 0 1 0 0 0
47.04 0 0.000235 29.953 1.743 1 0 0 0 1 0 0 0
47.08 0 0.001195 24.287 1.699 1 0 0 0 1 0 0 0
47.12 0 0.000286 24.277 1.671 1 0 0 0 1 0 0 0
47.16 0 0.000309 22.600 1.655 1 0 0 0 1 0 0 0
47.20 0 0.001633 32.471 1.755 1 0 0 0 1 0 0 0
47.24 0 0.000355 28.985 1.693 1 0 0 0 1 0 0 0
47.28 0 0.001816 30.666 1.710 1 0 0 0 1 0 0 0
47.32 0 0.001493 31.703 1.735 1 0 0 0 1 0 0 0
